0.000144
0.001141
0.002134
0.003124
0.004110
0.005093
0.006073
0.007049
0.008021
0.008990
0.009955
0.010918
0.011876
0.012831
0.013783
0.014732
0.015677
0.016618
0.017556
0.018491
0.019423
0.020350
0.021275
0.022196
0.023114
0.024029
0.024940
0.025848
0.026752
0.027653
0.028551
0.029445
0.030336
0.031224
0.032109
0.032990
0.033868
0.034742
0.035613
0.036481
0.037346
0.038207
0.039066
0.039920
0.040772
0.041620
0.042466
0.043307
0.044146
0.044981
0.045814
0.046642
0.047468
0.048291
0.049110
0.049926
0.050739
0.051549
0.052355
0.053159
0.053959
0.054756
0.055550
0.056340
0.057128
0.057912
0.058694
0.059472
0.060247
0.061019
0.061787
0.062553
0.063315
0.064075
0.064831
0.065584
0.066335
0.067082
0.067826
0.068567
0.069304
0.070039
0.070771
0.071500
0.072225
0.072948
0.073667
0.074384
0.075098
0.075808
0.076516
0.077220
0.077922
0.078620
0.079316
0.080008
0.080698
0.081384
0.082068
0.082749
0.083426
0.084101
0.084773
0.085442
0.086108
0.086771
0.087431
0.088088
0.088742
0.089393
0.090042
0.090687
0.091330
0.091970
0.092607
0.093241
0.093872
0.094500
0.095126
0.095748
0.096368
0.096985
0.097599
0.098210
0.098818
0.099424
0.100026
0.100626
0.101223
0.101818
0.102409
0.102998
0.103584
0.104167
0.104747
0.105325
0.105900
0.106472
0.107041
0.107608
0.108172
0.108733
0.109291
0.109847
0.110400
0.110950
0.111497
0.112042
0.112584
0.113124
0.113661
0.114195
0.114726
0.115255
0.115781
0.116304
0.116825
0.117343
0.117858
0.118371
0.118881
0.119388
0.119893
0.120395
0.120895
0.121392
0.121886
0.122378
0.122867
0.123354
0.123838
0.124320
0.124798
0.125275
0.125749
0.126220
0.126688
0.127154
0.127618
0.128079
0.128537
0.128993
0.129447
0.129898
0.130346
0.130792
0.131235
0.131676
0.132115
0.132551
0.132984
0.133415
0.133844
0.134270
0.134693
0.135114
0.135533
0.135949
0.136363
0.136775
0.137184
0.137590
0.137994
0.138396
0.138795
0.139192
0.139586
0.139979
0.140368
0.140756
0.141141
0.141523
0.141903
0.142281
0.142657
0.143030
0.143401
0.143769
0.144135
0.144499
0.144860
0.145220
0.145576
0.145931
0.146283
0.146633
0.146981
0.147326
0.147669
0.148010
0.148348
0.148685
0.149019
0.149350
0.149680
0.150007
0.150332
0.150655
0.150975
0.151293
0.151609
0.151923
0.152235
0.152544
0.152851
0.153156
0.153459
0.153760
0.154058
0.154354
0.154649
0.154940
0.155230
0.155518
0.155803
0.156086
0.156368
0.156647
0.156924
0.157198
0.157471
0.157741
0.158010
0.158276
0.158540
0.158802
0.159062
0.159320
0.159576
0.159830
0.160081
0.160331
0.160578
0.160824
0.161067
0.161309
0.161548
0.161785
0.162021
0.162254
0.162485
0.162714
0.162941
0.163166
0.163390
0.163611
0.163830
0.164047
0.164262
0.164475
0.164687
0.164896
0.165103
0.165308
0.165512
0.165713
0.165913
0.166110
0.166306
0.166499
0.166691
0.166881
0.167069
0.167255
0.167439
0.167621
0.167801
0.167980
0.168156
0.168331
0.168503
0.168674
0.168843
0.169010
0.169175
0.169339
0.169500
0.169660
0.169818
0.169974
0.170128
0.170280
0.170431
0.170580
0.170727
0.170872
0.171015
0.171156
0.171296
0.171434
0.171570
0.171705
0.171837
0.171968
0.172097
0.172224
0.172350
0.172474
0.172596
0.172716
0.172834
0.172951
0.173066
0.173180
0.173291
0.173401
0.173509
0.173616
0.173721
0.173824
0.173925
0.174025
0.174123
0.174219
0.174314
0.174407
0.174499
0.174588
0.174676
0.174763
0.174847
0.174931
0.175012
0.175092
0.175170
0.175247
0.175322
0.175395
0.175467
0.175537
0.175606
0.175673
0.175738
0.175802
0.175864
0.175925
0.175984
0.176041
0.176097
0.176151
0.176204
0.176256
0.176305
0.176353
0.176400
0.176445
0.176489
0.176531
0.176571
0.176610
0.176648
0.176684
0.176718
0.176751
0.176783
0.176813
0.176842
0.176869
0.176894
0.176918
0.176941
0.176962
0.176982
0.177000
0.177017
0.177033
0.177046
0.177059
0.177070
0.177080
0.177088
0.177095
0.177100
0.177104
0.177107
0.177108
0.177108
0.177106
0.177103
0.177099
0.177093
0.177086
0.177078
0.177068
0.177057
0.177044
0.177030
0.177015
0.176998
0.176980
0.176961
0.176940
0.176918
0.176895
0.176871
0.176845
0.176817
0.176789
0.176759
0.176728
0.176696
0.176662
0.176627
0.176591
0.176553
0.176514
0.176474
0.176433
0.176390
0.176346
0.176301
0.176255
0.176207
0.176158
0.176108
0.176057
0.176004
0.175951
0.175896
0.175839
0.175782
0.175723
0.175664
0.175603
0.175540
0.175477
0.175412
0.175347
0.175280
0.175211
0.175142
0.175072
0.175000
0.174927
0.174853
0.174778
0.174702
0.174625
0.174546
0.174466
0.174386
0.174304
0.174221
0.174137
0.174051
0.173965
0.173877
0.173789
0.173699
0.173608
0.173517
0.173424
0.173330
0.173235
0.173138
0.173041
0.172943
0.172843
0.172743
0.172641
0.172539
0.172435
0.172331
0.172225
0.172118
0.172011
0.171902
0.171792
0.171681
0.171569
0.171457
0.171343
0.171228
0.171112
0.170995
0.170877
0.170758
0.170639
0.170518
0.170396
0.170273
0.170149
0.170025
0.169899
0.169773
0.169645
0.169516
0.169387
0.169257
0.169125
0.168993
0.168860
0.168726
0.168590
0.168454
0.168317
0.168180
0.168041
0.167901
0.167761
0.167619
0.167477
0.167334
0.167190
0.167044
0.166899
0.166752
0.166604
0.166456
0.166306
0.166156
0.166005
0.165853
0.165700
0.165546
0.165392
0.165237
0.165080
0.164923
0.164765
0.164607
0.164447
0.164287
0.164126
0.163964
0.163801
0.163637
0.163473
0.163308
0.163142
0.162975
0.162808
0.162639
0.162470
0.162300
0.162130
0.161958
0.161786
0.161613
0.161439
0.161265
0.161089
0.160913
0.160737
0.160559
0.160381
0.160202
0.160022
0.159842
0.159661
0.159479
0.159296
0.159113
0.158929
0.158744
0.158559
0.158373
0.158186
0.157998
0.157810
0.157621
0.157431
0.157241
0.157050
0.156858
0.156666
0.156473
0.156280
0.156085
0.155890
0.155695
0.155498
0.155301
0.155104
0.154906
0.154707
0.154507
0.154307
0.154106
0.153905
0.153703
0.153500
0.153297
0.153093
0.152889
0.152684
0.152478
0.152272
0.152065
0.151857
0.151649
0.151441
0.151231
0.151021
0.150811
0.150600
0.150388
0.150176
0.149964
0.149750
0.149537
0.149322
0.149107
0.148892
0.148676
0.148459
0.148242
0.148024
0.147806
0.147588
0.147368
0.147149
0.146928
0.146707
0.146486
0.146264
0.146042
0.145819
0.145596
0.145372
0.145147
0.144923
0.144697
0.144471
0.144245
0.144018
0.143791
0.143563
0.143335
0.143106
0.142877
0.142647
0.142417
0.142187
0.141956
0.141724
0.141492
0.141260
0.141027
0.140794
0.140560
0.140326
0.140091
0.139856
0.139621
0.139385
0.139148
0.138912
0.138675
0.138437
0.138199
0.137961
0.137722
0.137483
0.137243
0.137003
0.136763
0.136522
0.136281
0.136039
0.135797
0.135555
0.135312
0.135069
0.134826
0.134582
0.134338
0.134093
0.133848
0.133603
0.133358
0.133112
0.132865
0.132619
0.132372
0.132124
0.131877
0.131629
0.131380
0.131132
0.130883
0.130633
0.130384
0.130134
0.129883
0.129633
0.129382
0.129130
0.128879
0.128627
0.128375
0.128122
0.127870
0.127617
0.127363
0.127110
0.126856
0.126602
0.126347
0.126092
0.125837
0.125582
0.125326
0.125070
0.124814
0.124558
0.124301
0.124044
0.123787
0.123530
0.123272
0.123014
0.122756
0.122498
0.122239
0.121980
0.121721
0.121462
0.121202
0.120942
0.120682
0.120422
0.120161
0.119901
0.119640
0.119379
0.119117
0.118856
0.118594
0.118332
0.118070
0.117807
0.117545
0.117282
0.117019
0.116756
0.116492
0.116229
0.115965
0.115701
0.115437
0.115173
0.114908
0.114644
0.114379
0.114114
0.113849
0.113584
0.113318
0.113053
0.112787
0.112521
0.112255
0.111989
0.111722
0.111456
0.111189
0.110923
0.110656
0.110389
0.110121
0.109854
0.109587
0.109319
0.109051
0.108784
0.108516
0.108248
0.107979
0.107711
0.107443
0.107174
0.106906
0.106637
0.106368
0.106099
0.105830
0.105561
0.105292
0.105022
0.104753
0.104483
0.104214
0.103944
0.103674
0.103405
0.103135
0.102865
0.102595
0.102325
0.102054
0.101784
0.101514
0.101243
0.100973
0.100702
0.100432
0.100161
0.099891
0.099620
0.099349
0.099078
0.098807
0.098536
0.098266
0.097995
0.097724
0.097452
0.097181
0.096910
0.096639
0.096368
0.096097
0.095825
0.095554
0.095283
0.095012
0.094740
0.094469
0.094198
0.093926
0.093655
0.093384
0.093112
0.092841
0.092569
0.092298
0.092027
0.091755
0.091484
0.091213
0.090941
0.090670
0.090399
0.090127
0.089856
0.089585
0.089313
0.089042
0.088771
0.088500
0.088229
0.087958
0.087687
0.087416
0.087145
0.086874
0.086603
0.086332
0.086061
0.085790
0.085519
0.085249
0.084978
0.084707
0.084437
0.084166
0.083896
0.083625
0.083355
0.083085
0.082815
0.082544
0.082274
0.082004
0.081734
0.081465
0.081195
0.080925
0.080655
0.080386
0.080116
0.079847
0.079578
0.079308
0.079039
0.078770
0.078501
0.078232
0.077964
0.077695
0.077426
0.077158
0.076889
0.076621
0.076353
0.076085
0.075817
0.075549
0.075281
0.075013
0.074746
0.074478
0.074211
0.073944
0.073677
0.073410
0.073143
0.072876
0.072609
0.072343
0.072077
0.071810
0.071544
0.071278
0.071012
0.070747
0.070481
0.070216
0.069950
0.069685
0.069420
0.069155
0.068891
0.068626
0.068362
0.068097
0.067833
0.067569
0.067305
0.067042
0.066778
0.066515
0.066251
0.065988
0.065725
0.065463
0.065200
0.064938
0.064675
0.064413
0.064151
0.063890
0.063628
0.063367
0.063105
0.062844
0.062583
0.062323
0.062062
0.061802
0.061542
0.061282
0.061022
0.060762
0.060503
0.060244
0.059985
0.059726
0.059467
0.059209
0.058950
0.058692
0.058434
0.058177
0.057919
0.057662
0.057405
0.057148
0.056891
0.056635
0.056379
0.056123
0.055867
0.055611
0.055356
0.055100
0.054845
0.054591
0.054336
0.054082
0.053828
0.053574
0.053320
0.053066
0.052813
0.052560
0.052307
0.052055
0.051802
0.051550
0.051298
0.051047
0.050795
0.050544
0.050293
0.050042
0.049792
0.049542
0.049292
0.049042
0.048792
0.048543
0.048294
0.048045
0.047797
0.047548
0.047300
0.047052
0.046805
0.046557
0.046310
0.046064
0.045817
0.045571
0.045325
0.045079
0.044833
0.044588
0.044343
0.044098
0.043854
0.043609
0.043365
0.043122
0.042878
0.042635
0.042392
0.042149
0.041907
0.041665
0.041423
0.041181
0.040940
0.040699
0.040458
0.040218
0.039977
0.039737
0.039498
0.039258
0.039019
0.038780
0.038542
0.038304
0.038066
0.037828
0.037590
0.037353
0.037116
0.036880
0.036644
0.036408
0.036172
0.035937
0.035701
0.035467
0.035232
0.034998
0.034764
0.034530
0.034297
0.034064
0.033831
0.033599
0.033366
0.033135
0.032903
0.032672
0.032441
0.032210
0.031980
0.031750
0.031520
0.031291
0.031061
0.030833
0.030604
0.030376
0.030148
0.029920
0.029693
0.029466
0.029240
0.029013
0.028787
0.028561
0.028336
0.028111
0.027886
0.027662
0.027438
0.027214
0.026990
0.026767
0.026544
0.026322
0.026100
0.025878
0.025656
0.025435
0.025214
0.024994
0.024773
0.024553
0.024334
0.024115
0.023896
0.023677
0.023459
0.023241
0.023023
0.022806
0.022589
0.022372
0.022156
0.021940
0.021724
0.021509
0.021294
0.021080
0.020865
0.020651
0.020438
0.020225
0.020012
0.019799
0.019587
0.019375
0.019163
0.018952
0.018741
0.018531
0.018321
0.018111
0.017901
0.017692
0.017483
0.017275
0.017067
0.016859
0.016652
0.016445
0.016238
0.016031
0.015825
0.015620
0.015414
0.015209
0.015005
0.014801
0.014597
0.014393
0.014190
0.013987
0.013785
0.013582
0.013381
0.013179
0.012978
0.012777
0.012577
0.012377
0.012177
0.011978
0.011779
0.011581
0.011383
0.011185
0.010987
0.010790
0.010593
0.010397
0.010201
0.010005
0.009810
0.009615
0.009420
0.009226
0.009032
0.008839
0.008646
0.008453
0.008260
0.008068
0.007877
0.007685
0.007495
0.007304
0.007114
0.006924
0.006734
0.006545
0.006357
0.006168
0.005980
0.005793
0.005605
0.005419
0.005232
0.005046
0.004860
0.004675
0.004490
0.004305
0.004121
0.003937
0.003753
0.003570
0.003388
0.003205
0.003023
0.002841
0.002660
0.002479
0.002299
0.002119
0.001939
0.001759
0.001580
0.001402
0.001224
0.001046
0.000868
0.000691
0.000514
0.000338
0.000162
-0.000014
-0.000189
-0.000364
-0.000538
-0.000712
-0.000886
-0.001060
-0.001232
-0.001405
-0.001577
-0.001749
-0.001921
-0.002092
-0.002262
-0.002433
-0.002603
-0.002772
-0.002941
-0.003110
-0.003278
-0.003446
-0.003614
-0.003781
-0.003948
-0.004115
-0.004281
-0.004446
-0.004612
-0.004777
-0.004941
-0.005105
-0.005269
-0.005433
-0.005596
-0.005758
-0.005921
-0.006082
-0.006244
-0.006405
-0.006566
-0.006726
-0.006886
-0.007046
-0.007205
-0.007364
-0.007522
-0.007680
-0.007838
-0.007995
-0.008152
-0.008308
-0.008464
-0.008620
-0.008775
-0.008930
-0.009085
-0.009239
-0.009393
-0.009546
-0.009699
-0.009852
-0.010004
-0.010156
-0.010307
-0.010459
-0.010609
-0.010760
-0.010909
-0.011059
-0.011208
-0.011357
-0.011505
-0.011653
-0.011801
-0.011948
-0.012095
-0.012241
-0.012387
-0.012533
-0.012678
-0.012823
-0.012968
-0.013112
-0.013256
-0.013399
-0.013542
-0.013684
-0.013827
-0.013968
-0.014110
-0.014251
-0.014392
-0.014532
-0.014672
-0.014811
-0.014950
-0.015089
-0.015227
-0.015365
-0.015503
-0.015640
-0.015777
-0.015913
-0.016049
-0.016185
-0.016320
-0.016455
-0.016589
-0.016723
-0.016857
-0.016990
-0.017123
-0.017256
-0.017388
-0.017520
-0.017651
-0.017782
-0.017913
-0.018043
-0.018173
-0.018302
-0.018431
-0.018560
-0.018688
-0.018816
-0.018944
-0.019071
-0.019197
-0.019324
-0.019450
-0.019575
-0.019701
-0.019826
-0.019950
-0.020074
-0.020198
-0.020321
-0.020444
-0.020567
-0.020689
-0.020810
-0.020932
-0.021053
-0.021173
-0.021294
-0.021414
-0.021533
-0.021652
-0.021771
-0.021889
-0.022007
-0.022125
-0.022242
-0.022359
-0.022475
-0.022591
-0.022707
-0.022822
-0.022937
-0.023052
-0.023166
-0.023280
-0.023393
-0.023506
-0.023619
-0.023731
-0.023843
-0.023954
-0.024066
-0.024176
-0.024287
-0.024397
-0.024506
-0.024616
-0.024724
-0.024833
-0.024941
-0.025049
-0.025156
-0.025263
-0.025370
-0.025476
-0.025582
-0.025687
-0.025793
-0.025897
-0.026002
-0.026106
-0.026209
-0.026313
-0.026415
-0.026518
-0.026620
-0.026722
-0.026823
-0.026924
-0.027025
-0.027125
-0.027225
-0.027325
-0.027424
-0.027522
-0.027621
-0.027719
-0.027817
-0.027914
-0.028011
-0.028107
-0.028204
-0.028299
-0.028395
-0.028490
-0.028585
-0.028679
-0.028773
-0.028867
-0.028960
-0.029053
-0.029145
-0.029238
-0.029329
-0.029421
-0.029512
-0.029603
-0.029693
-0.029783
-0.029873
-0.029962
-0.030051
-0.030139
-0.030227
-0.030315
-0.030403
-0.030490
-0.030576
-0.030663
-0.030749
-0.030834
-0.030920
-0.031005
-0.031089
-0.031173
-0.031257
-0.031341
-0.031424
-0.031507
-0.031589
-0.031671
-0.031753
-0.031834
-0.031915
-0.031996
-0.032076
-0.032156
-0.032235
-0.032315
-0.032394
-0.032472
-0.032550
-0.032628
-0.032705
-0.032782
-0.032859
-0.032936
-0.033012
-0.033087
-0.033163
-0.033238
-0.033312
-0.033387
-0.033460
-0.033534
-0.033607
-0.033680
-0.033753
-0.033825
-0.033897
-0.033968
-0.034039
-0.034110
-0.034181
-0.034251
-0.034321
-0.034390
-0.034459
-0.034528
-0.034596
-0.034664
-0.034732
-0.034799
-0.034866
-0.034933
-0.034999
-0.035065
-0.035131
-0.035196
-0.035261
-0.035326
-0.035390
-0.035454
-0.035518
-0.035581
-0.035644
-0.035707
-0.035769
-0.035831
-0.035893
-0.035954
-0.036015
-0.036075
-0.036136
-0.036196
-0.036255
-0.036314
-0.036373
-0.036432
-0.036490
-0.036548
-0.036606
-0.036663
-0.036720
-0.036777
-0.036833
-0.036889
-0.036944
-0.037000
-0.037055
-0.037109
-0.037164
-0.037218
-0.037271
-0.037325
-0.037378
-0.037431
-0.037483
-0.037535
-0.037587
-0.037638
-0.037689
-0.037740
-0.037790
-0.037840
-0.037890
-0.037940
-0.037989
-0.038038
-0.038086
-0.038134
-0.038182
-0.038230
-0.038277
-0.038324
-0.038371
-0.038417
-0.038463
-0.038509
-0.038554
-0.038599
-0.038644
-0.038688
-0.038732
-0.038776
-0.038820
-0.038863
-0.038906
-0.038948
-0.038990
-0.039032
-0.039074
-0.039115
-0.039156
-0.039197
-0.039237
-0.039277
-0.039317
-0.039357
-0.039396
-0.039435
-0.039473
-0.039512
-0.039549
-0.039587
-0.039624
-0.039661
-0.039698
-0.039735
-0.039771
-0.039807
-0.039842
-0.039877
-0.039912
-0.039947
-0.039981
-0.040015
-0.040049
-0.040083
-0.040116
-0.040149
-0.040181
-0.040213
-0.040245
-0.040277
-0.040308
-0.040340
-0.040370
-0.040401
-0.040431
-0.040461
-0.040491
-0.040520
-0.040549
-0.040578
-0.040606
-0.040635
-0.040663
-0.040690
-0.040717
-0.040745
-0.040771
-0.040798
-0.040824
-0.040850
-0.040876
-0.040901
-0.040926
-0.040951
-0.040975
-0.041000
-0.041023
-0.041047
-0.041071
-0.041094
-0.041116
-0.041139
-0.041161
-0.041183
-0.041205
-0.041226
-0.041248
-0.041269
-0.041289
-0.041309
-0.041330
-0.041349
-0.041369
-0.041388
-0.041407
-0.041426
-0.041444
-0.041462
-0.041480
-0.041498
-0.041515
-0.041533
-0.041549
-0.041566
-0.041582
-0.041598
-0.041614
-0.041630
-0.041645
-0.041660
-0.041674
-0.041689
-0.041703
-0.041717
-0.041731
-0.041744
-0.041757
-0.041770
-0.041783
-0.041795
-0.041807
-0.041819
-0.041831
-0.041842
-0.041853
-0.041864
-0.041875
-0.041885
-0.041895
-0.041905
-0.041914
-0.041924
-0.041933
-0.041942
-0.041950
-0.041958
-0.041967
-0.041974
-0.041982
-0.041989
-0.041996
-0.042003
-0.042010
-0.042016
-0.042022
-0.042028
-0.042033
-0.042039
-0.042044
-0.042049
-0.042053
-0.042058
-0.042062
-0.042066
-0.042069
-0.042073
-0.042076
-0.042079
-0.042082
-0.042084
-0.042086
-0.042088
-0.042090
-0.042092
-0.042093
-0.042094
-0.042095
-0.042095
-0.042096
-0.042096
-0.042096
-0.042095
-0.042095
-0.042094
-0.042093
-0.042092
-0.042090
-0.042088
-0.042087
-0.042084
-0.042082
-0.042079
-0.042076
-0.042073
-0.042070
-0.042067
-0.042063
-0.042059
-0.042055
-0.042050
-0.042046
-0.042041
-0.042036
-0.042030
-0.042025
-0.042019
-0.042013
-0.042007
-0.042000
-0.041994
-0.041987
-0.041980
-0.041973
-0.041965
-0.041958
-0.041950
-0.041942
-0.041933
-0.041925
-0.041916
-0.041907
-0.041898
-0.041888
-0.041879
-0.041869
-0.041859
-0.041849
-0.041838
-0.041828
-0.041817
-0.041806
-0.041795
-0.041783
-0.041772
-0.041760
-0.041748
-0.041736
-0.041723
-0.041710
-0.041698
-0.041685
-0.041671
-0.041658
-0.041644
-0.041630
-0.041616
-0.041602
-0.041588
-0.041573
-0.041558
-0.041543
-0.041528
-0.041512
-0.041497
-0.041481
-0.041465
-0.041449
-0.041432
-0.041416
-0.041399
-0.041382
-0.041365
-0.041348
-0.041330
-0.041313
-0.041295
-0.041277
-0.041258
-0.041240
-0.041221
-0.041202
-0.041183
-0.041164
-0.041145
-0.041125
-0.041106
-0.041086
-0.041066
-0.041045
-0.041025
-0.041004
-0.040984
-0.040963
-0.040941
-0.040920
-0.040899
-0.040877
-0.040855
-0.040833
-0.040811
-0.040788
-0.040766
-0.040743
-0.040720
-0.040697
-0.040674
-0.040650
-0.040627
-0.040603
-0.040579
-0.040555
-0.040531
-0.040506
-0.040482
-0.040457
-0.040432
-0.040407
-0.040382
-0.040356
-0.040331
-0.040305
-0.040279
-0.040253
-0.040227
-0.040200
-0.040174
-0.040147
-0.040120
-0.040093
-0.040066
-0.040039
-0.040011
-0.039984
-0.039956
-0.039928
-0.039900
-0.039871
-0.039843
-0.039814
-0.039785
-0.039757
-0.039728
-0.039698
-0.039669
-0.039639
-0.039610
-0.039580
-0.039550
-0.039520
-0.039490
-0.039459
-0.039429
-0.039398
-0.039367
-0.039336
-0.039305
-0.039274
-0.039242
-0.039211
-0.039179
-0.039147
-0.039115
-0.039083
-0.039051
-0.039018
-0.038986
-0.038953
-0.038920
-0.038887
-0.038854
-0.038821
-0.038788
-0.038754
-0.038720
-0.038687
-0.038653
-0.038619
-0.038584
-0.038550
-0.038516
-0.038481
-0.038446
-0.038411
-0.038376
-0.038341
-0.038306
-0.038271
-0.038235
-0.038199
-0.038164
-0.038128
-0.038092
-0.038056
-0.038019
-0.037983
-0.037946
-0.037910
-0.037873
-0.037836
-0.037799
-0.037762
-0.037725
-0.037687
-0.037650
-0.037612
-0.037574
-0.037536
-0.037498
-0.037460
-0.037422
-0.037384
-0.037345
-0.037307
-0.037268
-0.037229
-0.037190
-0.037151
-0.037112
-0.037073
-0.037033
-0.036994
-0.036954
-0.036914
-0.036875
-0.036835
-0.036795
-0.036754
-0.036714
-0.036674
-0.036633
-0.036593
-0.036552
-0.036511
-0.036470
-0.036429
-0.036388
-0.036347
-0.036305
-0.036264
-0.036222
-0.036181
-0.036139
-0.036097
-0.036055
-0.036013
-0.035971
-0.035929
-0.035886
-0.035844
-0.035801
-0.035759
-0.035716
-0.035673
-0.035630
-0.035587
-0.035544
-0.035501
-0.035457
-0.035414
-0.035370
-0.035327
-0.035283
-0.035239
-0.035195
-0.035151
-0.035107
-0.035063
-0.035019
-0.034974
-0.034930
-0.034885
-0.034841
-0.034796
-0.034751
-0.034706
-0.034661
-0.034616
-0.034571
-0.034526
-0.034480
-0.034435
-0.034390
-0.034344
-0.034298
-0.034253
-0.034207
-0.034161
-0.034115
-0.034069
-0.034023
-0.033976
-0.033930
-0.033884
-0.033837
-0.033791
-0.033744
-0.033697
-0.033650
-0.033604
-0.033557
-0.033510
-0.033463
-0.033415
-0.033368
-0.033321
-0.033273
-0.033226
-0.033178
-0.033131
-0.033083
-0.033035
-0.032988
-0.032940
-0.032892
-0.032844
-0.032796
-0.032747
-0.032699
-0.032651
-0.032602
-0.032554
-0.032505
-0.032457
-0.032408
-0.032360
-0.032311
-0.032262
-0.032213
-0.032164
-0.032115
-0.032066
-0.032017
-0.031968
-0.031918
-0.031869
-0.031819
-0.031770
-0.031720
-0.031671
-0.031621
-0.031572
-0.031522
-0.031472
-0.031422
-0.031372
-0.031322
-0.031272
-0.031222
-0.031172
-0.031122
-0.031071
-0.031021
-0.030971
-0.030920
-0.030870
-0.030819
-0.030769
-0.030718
-0.030667
-0.030617
-0.030566
-0.030515
-0.030464
-0.030413
-0.030362
-0.030311
-0.030260
-0.030209
-0.030158
-0.030106
-0.030055
-0.030004
-0.029952
-0.029901
-0.029850
-0.029798
-0.029746
-0.029695
-0.029643
-0.029592
-0.029540
-0.029488
-0.029436
-0.029384
-0.029333
-0.029281
-0.029229
-0.029177
-0.029125
-0.029072
-0.029020
-0.028968
-0.028916
-0.028864
-0.028811
-0.028759
-0.028707
-0.028654
-0.028602
-0.028550
-0.028497
-0.028444
-0.028392
-0.028339
-0.028287
-0.028234
-0.028181
-0.028129
-0.028076
-0.028023
-0.027970
-0.027917
-0.027864
-0.027812
-0.027759
-0.027706
-0.027653
-0.027600
-0.027546
-0.027493
-0.027440
-0.027387
-0.027334
-0.027281
-0.027228
-0.027174
-0.027121
-0.027068
-0.027014
-0.026961
-0.026908
-0.026854
-0.026801
-0.026747
-0.026694
-0.026640
-0.026587
-0.026533
-0.026480
-0.026426
-0.026373
-0.026319
-0.026265
-0.026212
-0.026158
-0.026104
-0.026051
-0.025997
-0.025943
-0.025889
-0.025836
-0.025782
-0.025728
-0.025674
-0.025620
-0.025566
-0.025513
-0.025459
-0.025405
-0.025351
-0.025297
-0.025243
-0.025189
-0.025135
-0.025081
-0.025027
-0.024973
-0.024919
-0.024865
-0.024811
-0.024757
-0.024703
-0.024649
-0.024595
-0.024541
-0.024486
-0.024432
-0.024378
-0.024324
-0.024270
-0.024216
-0.024162
-0.024107
-0.024053
-0.023999
-0.023945
-0.023891
-0.023837
-0.023782
-0.023728
-0.023674
-0.023620
-0.023566
-0.023511
-0.023457
-0.023403
-0.023349
-0.023295
-0.023240
-0.023186
-0.023132
-0.023078
-0.023024
-0.022969
-0.022915
-0.022861
-0.022807
-0.022752
-0.022698
-0.022644
-0.022590
-0.022536
-0.022481
-0.022427
-0.022373
-0.022319
-0.022265
-0.022210
-0.022156
-0.022102
-0.022048
-0.021994
-0.021940
-0.021885
-0.021831
-0.021777
-0.021723
-0.021669
-0.021615
-0.021561
-0.021507
-0.021452
-0.021398
-0.021344
-0.021290
-0.021236
-0.021182
-0.021128
-0.021074
-0.021020
-0.020966
-0.020912
-0.020858
-0.020804
-0.020750
-0.020696
-0.020642
-0.020588
-0.020534
-0.020481
-0.020427
-0.020373
-0.020319
-0.020265
-0.020211
-0.020157
-0.020104
-0.020050
-0.019996
-0.019942
-0.019889
-0.019835
-0.019781
-0.019728
-0.019674
-0.019620
-0.019567
-0.019513
-0.019459
-0.019406
-0.019352
-0.019299
-0.019245
-0.019192
-0.019138
-0.019085
-0.019031
-0.018978
-0.018925
-0.018871
-0.018818
-0.018764
-0.018711
-0.018658
-0.018605
-0.018551
-0.018498
-0.018445
-0.018392
-0.018339
-0.018286
-0.018232
-0.018179
-0.018126
-0.018073
-0.018020
-0.017967
-0.017914
-0.017861
-0.017809
-0.017756
-0.017703
-0.017650
-0.017597
-0.017544
-0.017492
-0.017439
-0.017386
-0.017334
-0.017281
-0.017228
-0.017176
-0.017123
-0.017071
-0.017018
-0.016966
-0.016913
-0.016861
-0.016809
-0.016756
-0.016704
-0.016652
-0.016600
-0.016547
-0.016495
-0.016443
-0.016391
-0.016339
-0.016287
-0.016235
-0.016183
-0.016131
-0.016079
-0.016027
-0.015975
-0.015924
-0.015872
-0.015820
-0.015768
-0.015717
-0.015665
-0.015613
-0.015562
-0.015510
-0.015459
-0.015407
-0.015356
-0.015305
-0.015253
-0.015202
-0.015151
-0.015099
-0.015048
-0.014997
-0.014946
-0.014895
-0.014844
-0.014793
-0.014742
-0.014691
-0.014640
-0.014589
-0.014538
-0.014488
-0.014437
-0.014386
-0.014336
-0.014285
-0.014234
-0.014184
-0.014133
-0.014083
-0.014033
-0.013982
-0.013932
-0.013882
-0.013831
-0.013781
-0.013731
-0.013681
-0.013631
-0.013581
-0.013531
-0.013481
-0.013431
-0.013381
-0.013331
-0.013282
-0.013232
-0.013182
-0.013133
-0.013083
-0.013033
-0.012984
-0.012935
-0.012885
-0.012836
-0.012786
-0.012737
-0.012688
-0.012639
-0.012590
-0.012541
-0.012492
-0.012443
-0.012394
-0.012345
-0.012296
-0.012247
-0.012198
-0.012150
-0.012101
-0.012053
-0.012004
-0.011955
-0.011907
-0.011859
-0.011810
-0.011762
-0.011714
-0.011666
-0.011617
-0.011569
-0.011521
-0.011473
-0.011425
-0.011377
-0.011329
-0.011282
-0.011234
-0.011186
-0.011139
-0.011091
-0.011043
-0.010996
-0.010949
-0.010901
-0.010854
-0.010807
-0.010759
-0.010712
-0.010665
-0.010618
-0.010571
-0.010524
-0.010477
-0.010430
-0.010383
-0.010337
-0.010290
-0.010243
-0.010197
-0.010150
-0.010104
-0.010057
-0.010011
-0.009965
-0.009918
-0.009872
-0.009826
-0.009780
-0.009734
-0.009688
-0.009642
-0.009596
-0.009550
-0.009504
-0.009459
-0.009413
-0.009367
-0.009322
-0.009276
-0.009231
-0.009186
-0.009140
-0.009095
-0.009050
-0.009005
-0.008960
-0.008915
-0.008870
-0.008825
-0.008780
-0.008735
-0.008690
-0.008646
-0.008601
-0.008557
-0.008512
-0.008468
-0.008423
-0.008379
-0.008335
-0.008290
-0.008246
-0.008202
-0.008158
-0.008114
-0.008070
-0.008026
-0.007983
-0.007939
-0.007895
-0.007852
-0.007808
-0.007765
-0.007721
-0.007678
-0.007635
-0.007591
-0.007548
-0.007505
-0.007462
-0.007419
-0.007376
-0.007333
-0.007290
-0.007248
-0.007205
-0.007162
-0.007120
-0.007077
-0.007035
-0.006992
-0.006950
-0.006908
-0.006866
-0.006824
-0.006782
-0.006740
-0.006698
-0.006656
-0.006614
-0.006572
-0.006530
-0.006489
-0.006447
-0.006406
-0.006364
-0.006323
-0.006282
-0.006240
-0.006199
-0.006158
-0.006117
-0.006076
-0.006035
-0.005994
-0.005954
-0.005913
-0.005872
-0.005832
-0.005791
-0.005751
-0.005710
-0.005670
-0.005630
-0.005589
-0.005549
-0.005509
-0.005469
-0.005429
-0.005389
-0.005350
-0.005310
-0.005270
-0.005230
-0.005191
-0.005151
-0.005112
-0.005073
-0.005033
-0.004994
-0.004955
-0.004916
-0.004877
-0.004838
-0.004799
-0.004760
-0.004721
-0.004683
-0.004644
-0.004606
-0.004567
-0.004529
-0.004490
-0.004452
-0.004414
-0.004376
-0.004338
-0.004300
-0.004262
-0.004224
-0.004186
-0.004148
-0.004110
-0.004073
-0.004035
-0.003998
-0.003960
-0.003923
-0.003886
-0.003849
-0.003811
-0.003774
-0.003737
-0.003700
-0.003664
-0.003627
-0.003590
-0.003553
-0.003517
-0.003480
-0.003444
-0.003407
-0.003371
-0.003335
-0.003299
-0.003262
-0.003226
-0.003190
-0.003155
-0.003119
-0.003083
-0.003047
-0.003012
-0.002976
-0.002940
-0.002905
-0.002870
-0.002834
-0.002799
-0.002764
-0.002729
-0.002694
-0.002659
-0.002624
-0.002589
-0.002555
-0.002520
-0.002485
-0.002451
-0.002416
-0.002382
-0.002348
-0.002313
-0.002279
-0.002245
-0.002211
-0.002177
-0.002143
-0.002109
-0.002076
-0.002042
-0.002008
-0.001975
-0.001941
-0.001908
-0.001874
-0.001841
-0.001808
-0.001775
-0.001742
-0.001709
-0.001676
-0.001643
-0.001610
-0.001577
-0.001545
-0.001512
-0.001480
-0.001447
-0.001415
-0.001383
-0.001350
-0.001318
-0.001286
-0.001254
-0.001222
-0.001190
-0.001158
-0.001127
-0.001095
-0.001063
-0.001032
-0.001001
-0.000969
-0.000938
-0.000907
-0.000875
-0.000844
-0.000813
-0.000782
-0.000751
-0.000721
-0.000690
-0.000659
-0.000629
-0.000598
-0.000568
-0.000537
-0.000507
-0.000477
-0.000446
-0.000416
-0.000386
-0.000356
-0.000326
-0.000297
-0.000267
-0.000237
-0.000207
-0.000178
-0.000148
-0.000119
-0.000090
-0.000060
-0.000031
-0.000002
0.000027
0.000056
0.000085
0.000114
0.000143
0.000171
0.000200
0.000228
0.000257
0.000285
0.000314
0.000342
0.000370
0.000398
0.000426
0.000454
0.000482
0.000510
0.000538
0.000566
0.000593
0.000621
0.000649
0.000676
0.000703
0.000731
0.000758
0.000785
0.000812
0.000839
0.000866
0.000893
0.000920
0.000946
0.000973
0.001000
0.001026
0.001053
0.001079
0.001105
0.001132
0.001158
0.001184
0.001210
0.001236
0.001262
0.001288
0.001313
0.001339
0.001365
0.001390
0.001416
0.001441
0.001467
0.001492
0.001517
0.001542
0.001567
0.001592
0.001617
0.001642
0.001667
0.001691
0.001716
0.001741
0.001765
0.001790
0.001814
0.001838
0.001863
0.001887
0.001911
0.001935
0.001959
0.001983
0.002006
0.002030
0.002054
0.002077
0.002101
0.002124
0.002148
0.002171
0.002194
0.002218
0.002241
0.002264
0.002287
0.002310
0.002333
0.002355
0.002378
0.002401
0.002423
0.002446
0.002468
0.002491
0.002513
0.002535
0.002557
0.002579
0.002601
0.002623
0.002645
0.002667
0.002689
0.002711
0.002732
0.002754
0.002775
0.002797
0.002818
0.002839
0.002860
0.002882
0.002903
0.002924
0.002945
0.002965
0.002986
0.003007
0.003028
0.003048
0.003069
0.003089
0.003110
0.003130
0.003150
0.003170
0.003191
0.003211
0.003231
0.003251
0.003270
0.003290
0.003310
0.003330
0.003349
0.003369
0.003388
0.003408
0.003427
0.003446
0.003465
0.003484
0.003504
0.003523
0.003541
0.003560
0.003579
0.003598
0.003617
0.003635
0.003654
0.003672
0.003691
0.003709
0.003727
0.003745
0.003763
0.003782
0.003800
0.003818
0.003835
0.003853
0.003871
0.003889
0.003906
0.003924
0.003941
0.003959
0.003976
0.003993
0.004011
0.004028
0.004045
0.004062
0.004079
0.004096
0.004113
0.004129
0.004146
0.004163
0.004179
0.004196
0.004212
0.004229
0.004245
0.004261
0.004277
0.004294
0.004310
0.004326
0.004342
0.004357
0.004373
0.004389
0.004405
0.004420
0.004436
0.004451
0.004467
0.004482
0.004498
0.004513
0.004528
0.004543
0.004558
0.004573
0.004588
0.004603
0.004618
0.004633
0.004647
0.004662
0.004676
0.004691
0.004705
0.004720
0.004734
0.004748
0.004762
0.004777
0.004791
0.004805
0.004819
0.004832
0.004846
0.004860
0.004874
0.004887
0.004901
0.004914
0.004928
0.004941
0.004955
0.004968
0.004981
0.004994
0.005007
0.005020
0.005033
0.005046
0.005059
0.005072
0.005085
0.005097
0.005110
0.005122
0.005135
0.005147
0.005160
0.005172
0.005184
0.005196
0.005208
0.005221
0.005233
0.005244
0.005256
0.005268
0.005280
0.005292
0.005303
0.005315
0.005326
0.005338
0.005349
0.005361
0.005372
0.005383
0.005394
0.005406
0.005417
0.005428
0.005439
0.005449
0.005460
0.005471
0.005482
0.005492
0.005503
0.005514
0.005524
0.005535
0.005545
0.005555
0.005566
0.005576
0.005586
0.005596
0.005606
0.005616
0.005626
0.005636
0.005646
0.005655
0.005665
0.005675
0.005684
0.005694
0.005703
0.005713
0.005722
0.005731
0.005741
0.005750
0.005759
0.005768
0.005777
0.005786
0.005795
0.005804
0.005813
0.005821
0.005830
0.005839
0.005847
0.005856
0.005864
0.005873
0.005881
0.005889
0.005898
0.005906
0.005914
0.005922
0.005930
0.005938
0.005946
0.005954
0.005962
0.005970
0.005977
0.005985
0.005993
0.006000
0.006008
0.006015
0.006023
0.006030
0.006037
0.006045
0.006052
0.006059
0.006066
0.006073
0.006080
0.006087
0.006094
0.006101
0.006107
0.006114
0.006121
0.006127
0.006134
0.006141
0.006147
0.006153
0.006160
0.006166
0.006172
0.006179
0.006185
0.006191
0.006197
0.006203
0.006209
0.006215
0.006221
0.006227
0.006232
0.006238
0.006244
0.006249
0.006255
0.006260
0.006266
0.006271
0.006277
0.006282
0.006287
0.006292
0.006298
0.006303
0.006308
0.006313
0.006318
0.006323
0.006328
0.006332
0.006337
0.006342
0.006347
0.006351
0.006356
0.006360
0.006365
0.006369
0.006374
0.006378
0.006382
0.006387
0.006391
0.006395
0.006399
0.006403
0.006407
0.006411
0.006415
0.006419
0.006423
0.006427
0.006430
0.006434
0.006438
0.006441
0.006445
0.006448
0.006452
0.006455
0.006459
0.006462
0.006465
0.006469
0.006472
0.006475
0.006478
0.006481
0.006484
0.006487
0.006490
0.006493
0.006496
0.006499
0.006501
0.006504
0.006507
0.006509
0.006512
0.006514
0.006517
0.006519
0.006522
0.006524
0.006526
0.006529
0.006531
0.006533
0.006535
0.006537
0.006539
0.006541
0.006543
0.006545
0.006547
0.006549
0.006551
0.006552
0.006554
0.006556
0.006557
0.006559
0.006561
0.006562
0.006564
0.006565
0.006566
0.006568
0.006569
0.006570
0.006571
0.006573
0.006574
0.006575
0.006576
0.006577
0.006578
0.006579
0.006580
0.006581
0.006581
0.006582
0.006583
0.006584
0.006584
0.006585
0.006585
0.006586
0.006586
0.006587
0.006587
0.006588
0.006588
0.006588
0.006589
0.006589
0.006589
0.006589
0.006589
0.006589
0.006589
0.006589
0.006589
0.006589
0.006589
0.006589
0.006589
0.006588
0.006588
0.006588
0.006587
0.006587
0.006587
0.006586
0.006586
0.006585
0.006585
0.006584
0.006583
0.006583
0.006582
0.006581
0.006580
0.006579
0.006579
0.006578
0.006577
0.006576
0.006575
0.006574
0.006573
0.006572
0.006570
0.006569
0.006568
0.006567
0.006565
0.006564
0.006563
0.006561
0.006560
0.006558
0.006557
0.006555
0.006554
0.006552
0.006551
0.006549
0.006547
0.006546
0.006544
0.006542
0.006540
0.006538
0.006536
0.006534
0.006532
0.006530
0.006528
0.006526
0.006524
0.006522
0.006520
0.006518
0.006515
0.006513
0.006511
0.006509
0.006506
0.006504
0.006501
0.006499
0.006496
0.006494
0.006491
0.006489
0.006486
0.006484
0.006481
0.006478
0.006475
0.006473
0.006470
0.006467
0.006464
0.006461
0.006458
0.006455
0.006452
0.006449
0.006446
0.006443
0.006440
0.006437
0.006434
0.006431
0.006427
0.006424
0.006421
0.006418
0.006414
0.006411
0.006407
0.006404
0.006401
0.006397
0.006394
0.006390
0.006386
0.006383
0.006379
0.006376
0.006372
0.006368
0.006364
0.006361
0.006357
0.006353
0.006349
0.006345
0.006341
0.006338
0.006334
0.006330
0.006326
0.006322
0.006317
0.006313
0.006309
0.006305
0.006301
0.006297
0.006292
0.006288
0.006284
0.006280
0.006275
0.006271
0.006267
0.006262
0.006258
0.006253
0.006249
0.006244
0.006240
0.006235
0.006231
0.006226
0.006221
0.006217
0.006212
0.006207
0.006203
0.006198
0.006193
0.006188
0.006183
0.006179
0.006174
0.006169
0.006164
0.006159
0.006154
0.006149
0.006144
0.006139
0.006134
0.006129
0.006124
0.006118
0.006113
0.006108
0.006103
0.006098
0.006092
0.006087
0.006082
0.006076
0.006071
0.006066
0.006060
0.006055
0.006050
0.006044
0.006039
0.006033
0.006028
0.006022
0.006016
0.006011
0.006005
0.006000
0.005994
0.005988
0.005983
0.005977
0.005971
0.005965
0.005960
0.005954
0.005948
0.005942
0.005936
0.005931
0.005925
0.005919
0.005913
0.005907
0.005901
0.005895
0.005889
0.005883
0.005877
0.005871
0.005865
0.005858
0.005852
0.005846
0.005840
0.005834
0.005828
0.005821
0.005815
0.005809
0.005803
0.005796
0.005790
0.005784
0.005777
0.005771
0.005765
0.005758
0.005752
0.005745
0.005739
0.005732
0.005726
0.005719
0.005713
0.005706
0.005700
0.005693
0.005686
0.005680
0.005673
0.005667
0.005660
0.005653
0.005646
0.005640
0.005633
0.005626
0.005620
0.005613
0.005606
0.005599
0.005592
0.005585
0.005579
0.005572
0.005565
0.005558
0.005551
0.005544
0.005537
0.005530
0.005523
0.005516
0.005509
0.005502
0.005495
0.005488
0.005481
0.005474
0.005467
0.005460
0.005452
0.005445
0.005438
0.005431
0.005424
0.005416
0.005409
0.005402
0.005395
0.005388
0.005380
0.005373
0.005366
0.005358
0.005351
0.005344
0.005336
0.005329
0.005322
0.005314
0.005307
0.005299
0.005292
0.005284
0.005277
0.005269
0.005262
0.005254
0.005247
0.005239
0.005232
0.005224
0.005217
0.005209
0.005202
0.005194
0.005186
0.005179
0.005171
0.005164
0.005156
0.005148
0.005141
0.005133
0.005125
0.005117
0.005110
0.005102
0.005094
0.005086
0.005079
0.005071
0.005063
0.005055
0.005048
0.005040
0.005032
0.005024
0.005016
0.005008
0.005000
0.004993
0.004985
0.004977
0.004969
0.004961
0.004953
0.004945
0.004937
0.004929
0.004921
0.004913
0.004905
0.004897
0.004889
0.004881
0.004873
0.004865
0.004857
0.004849
0.004841
0.004833
0.004825
0.004817
0.004809
0.004801
0.004793
0.004784
0.004776
0.004768
0.004760
0.004752
0.004744
0.004736
0.004727
0.004719
0.004711
0.004703
0.004695
0.004686
0.004678
0.004670
0.004662
0.004653
0.004645
0.004637
0.004629
0.004620
0.004612
0.004604
0.004596
0.004587
0.004579
0.004571
0.004562
0.004554
0.004546
0.004537
0.004529
0.004521
0.004512
0.004504
0.004496
0.004487
0.004479
0.004471
0.004462
0.004454
0.004445
0.004437
0.004429
0.004420
0.004412
0.004403
0.004395
0.004386
0.004378
0.004370
0.004361
0.004353
0.004344
0.004336
0.004327
0.004319
0.004310
0.004302
0.004293
0.004285
0.004276
0.004268
0.004259
0.004251
0.004242
0.004234
0.004225
0.004217
0.004208
0.004200
0.004191
0.004183
0.004174
0.004165
0.004157
0.004148
0.004140
0.004131
0.004123
0.004114
0.004105
0.004097
0.004088
0.004080
0.004071
0.004063
0.004054
0.004045
0.004037
0.004028
0.004020
0.004011
0.004002
0.003994
0.003985
0.003977
0.003968
0.003959
0.003951
0.003942
0.003933
0.003925
0.003916
0.003908
0.003899
0.003890
0.003882
0.003873
0.003864
0.003856
0.003847
0.003838
0.003830
0.003821
0.003812
0.003804
0.003795
0.003787
0.003778
0.003769
0.003761
0.003752
0.003743
0.003735
0.003726
0.003717
0.003709
0.003700
0.003691
0.003683
0.003674
0.003665
0.003657
0.003648
0.003639
0.003631
0.003622
0.003613
0.003605
0.003596
0.003587
0.003579
0.003570
0.003561
0.003553
0.003544
0.003535
0.003527
0.003518
0.003509
0.003501
0.003492
0.003483
0.003475
0.003466
0.003457
0.003449
0.003440
0.003431
0.003423
0.003414
0.003405
0.003397
0.003388
0.003379
0.003371
0.003362
0.003353
0.003345
0.003336
0.003327
0.003319
0.003310
0.003302
0.003293
0.003284
0.003276
0.003267
0.003258
0.003250
0.003241
0.003232
0.003224
0.003215
0.003207
0.003198
0.003189
0.003181
0.003172
0.003164
0.003155
0.003146
0.003138
0.003129
0.003121
0.003112
0.003103
0.003095
0.003086
0.003078
0.003069
0.003060
0.003052
0.003043
0.003035
0.003026
0.003018
0.003009
0.003001
0.002992
0.002983
0.002975
0.002966
0.002958
0.002949
0.002941
0.002932
0.002924
0.002915
0.002907
0.002898
0.002890
0.002881
0.002873
0.002864
0.002856
0.002847
0.002839
0.002830
0.002822
0.002813
0.002805
0.002796
0.002788
0.002779
0.002771
0.002762
0.002754
0.002745
0.002737
0.002729
0.002720
0.002712
0.002703
0.002695
0.002686
0.002678
0.002670
0.002661
0.002653
0.002644
0.002636
0.002628
0.002619
0.002611
0.002603
0.002594
0.002586
0.002578
0.002569
0.002561
0.002553
0.002544
0.002536
0.002528
0.002519
0.002511
0.002503
0.002494
0.002486
0.002478
0.002469
0.002461
0.002453
0.002445
0.002436
0.002428
0.002420
0.002412
0.002403
0.002395
0.002387
0.002379
0.002371
0.002362
0.002354
0.002346
0.002338
0.002330
0.002321
0.002313
0.002305
0.002297
0.002289
0.002281
0.002273
0.002264
0.002256
0.002248
0.002240
0.002232
0.002224
0.002216
0.002208
0.002200
0.002191
0.002183
0.002175
0.002167
0.002159
0.002151
0.002143
0.002135
0.002127
0.002119
0.002111
0.002103
0.002095
0.002087
0.002079
0.002071
0.002063
0.002055
0.002047
0.002039
0.002031
0.002024
0.002016
0.002008
0.002000
0.001992
0.001984
0.001976
0.001968
0.001960
0.001953
0.001945
0.001937
0.001929
0.001921
0.001913
0.001906
0.001898
0.001890
0.001882
0.001874
0.001867
0.001859
0.001851
0.001843
0.001836
0.001828
0.001820
0.001812
0.001805
0.001797
0.001789
0.001782
0.001774
0.001766
0.001759
0.001751
0.001743
0.001736
0.001728
0.001720
0.001713
0.001705
0.001698
0.001690
0.001682
0.001675
0.001667
0.001660
0.001652
0.001645
0.001637
0.001630
0.001622
0.001615
0.001607
0.001600
0.001592
0.001585
0.001577
0.001570
0.001562
0.001555
0.001547
0.001540
0.001533
0.001525
0.001518
0.001510
0.001503
0.001496
0.001488
0.001481
0.001474
0.001466
0.001459
0.001452
0.001444
0.001437
0.001430
0.001423
0.001415
0.001408
0.001401
0.001394
0.001386
0.001379
0.001372
0.001365
0.001358
0.001350
0.001343
0.001336
0.001329
0.001322
0.001315
0.001308
0.001300
0.001293
0.001286
0.001279
0.001272
0.001265
0.001258
0.001251
0.001244
0.001237
0.001230
0.001223
0.001216
0.001209
0.001202
0.001195
0.001188
0.001181
0.001174
0.001167
0.001160
0.001153
0.001146
0.001139
0.001133
0.001126
0.001119
0.001112
0.001105
0.001098
0.001092
0.001085
0.001078
0.001071
0.001064
0.001058
0.001051
0.001044
0.001037
0.001031
0.001024
0.001017
0.001010
0.001004
0.000997
0.000990
0.000984
0.000977
0.000970
0.000964
0.000957
0.000951
0.000944
0.000937
0.000931
0.000924
0.000918
0.000911
0.000905
0.000898
0.000892
0.000885
0.000879
0.000872
0.000866
0.000859
0.000853
0.000846
0.000840
0.000834
0.000827
0.000821
0.000814
0.000808
0.000802
0.000795
0.000789
0.000783
0.000776
0.000770
0.000764
0.000757
0.000751
0.000745
0.000738
0.000732
0.000726
0.000720
0.000714
0.000707
0.000701
0.000695
0.000689
0.000683
0.000676
0.000670
0.000664
0.000658
0.000652
0.000646
0.000640
0.000634
0.000628
0.000622
0.000616
0.000610
0.000604
0.000598
0.000592
0.000586
0.000580
0.000574
0.000568
0.000562
0.000556
0.000550
0.000544
0.000538
0.000532
0.000526
0.000520
0.000515
0.000509
0.000503
0.000497
0.000491
0.000485
0.000480
0.000474
0.000468
0.000462
0.000457
0.000451
0.000445
0.000439
0.000434
0.000428
0.000422
0.000417
0.000411
0.000405
0.000400
0.000394
0.000388
0.000383
0.000377
0.000372
0.000366
0.000361
0.000355
0.000349
0.000344
0.000338
0.000333
0.000327
0.000322
0.000317
0.000311
0.000306
0.000300
0.000295
0.000289
0.000284
0.000279
0.000273
0.000268
0.000262
0.000257
0.000252
0.000246
0.000241
0.000236
0.000231
0.000225
0.000220
0.000215
0.000210
0.000204
0.000199
0.000194
0.000189
0.000184
0.000178
0.000173
0.000168
0.000163
0.000158
0.000153
0.000148
0.000142
0.000137
0.000132
0.000127
0.000122
0.000117
0.000112
0.000107
0.000102
0.000097
0.000092
0.000087
0.000082
0.000077
0.000072
0.000067
0.000062
0.000058
0.000053
0.000048
0.000043
0.000038
0.000033
0.000028
0.000024
0.000019
0.000014
0.000009
0.000004
-0.000000
-0.000005
-0.000010
-0.000015
-0.000019
-0.000024
-0.000029
-0.000033
-0.000038
-0.000043
-0.000047
-0.000052
-0.000057
-0.000061
-0.000066
-0.000070
-0.000075
-0.000080
-0.000084
-0.000089
-0.000093
-0.000098
-0.000102
-0.000107
-0.000111
-0.000116
-0.000120
-0.000125
-0.000129
-0.000134
-0.000138
-0.000142
-0.000147
-0.000151
-0.000156
-0.000160
-0.000164
-0.000169
-0.000173
-0.000177
-0.000182
-0.000186
-0.000190
-0.000194
-0.000199
-0.000203
-0.000207
-0.000211
-0.000216
-0.000220
-0.000224
-0.000228
-0.000232
-0.000237
-0.000241
-0.000245
-0.000249
-0.000253
-0.000257
-0.000261
-0.000265
-0.000269
-0.000273
-0.000278
-0.000282
-0.000286
-0.000290
-0.000294
-0.000298
-0.000302
-0.000306
-0.000310
-0.000313
-0.000317
-0.000321
-0.000325
-0.000329
-0.000333
-0.000337
-0.000341
-0.000345
-0.000348
-0.000352
-0.000356
-0.000360
-0.000364
-0.000368
-0.000371
-0.000375
-0.000379
-0.000383
-0.000386
-0.000390
-0.000394
-0.000397
-0.000401
-0.000405
-0.000409
-0.000412
-0.000416
-0.000419
-0.000423
-0.000427
-0.000430
-0.000434
-0.000437
-0.000441
-0.000445
-0.000448
-0.000452
-0.000455
-0.000459
-0.000462
-0.000466
-0.000469
-0.000473
-0.000476
-0.000480
-0.000483
-0.000486
-0.000490
-0.000493
-0.000497
-0.000500
-0.000503
-0.000507
-0.000510
-0.000513
-0.000517
-0.000520
-0.000523
-0.000527
-0.000530
-0.000533
-0.000536
-0.000540
-0.000543
-0.000546
-0.000549
-0.000553
-0.000556
-0.000559
-0.000562
-0.000565
-0.000568
-0.000572
-0.000575
-0.000578
-0.000581
-0.000584
-0.000587
-0.000590
-0.000593
-0.000596
-0.000599
-0.000602
-0.000605
-0.000608
-0.000611
-0.000614
-0.000617
-0.000620
-0.000623
-0.000626
-0.000629
-0.000632
-0.000635
-0.000638
-0.000641
-0.000644
-0.000647
-0.000650
-0.000652
-0.000655
-0.000658
-0.000661
-0.000664
-0.000666
-0.000669
-0.000672
-0.000675
-0.000678
-0.000680
-0.000683
-0.000686
-0.000689
-0.000691
-0.000694
-0.000697
-0.000699
-0.000702
-0.000705
-0.000707
-0.000710
-0.000712
-0.000715
-0.000718
-0.000720
-0.000723
-0.000725
-0.000728
-0.000731
-0.000733
-0.000736
-0.000738
-0.000741
-0.000743
-0.000746
-0.000748
-0.000751
-0.000753
-0.000755
-0.000758
-0.000760
-0.000763
-0.000765
-0.000768
-0.000770
-0.000772
-0.000775
-0.000777
-0.000779
-0.000782
-0.000784
-0.000786
-0.000789
-0.000791
-0.000793
-0.000796
-0.000798
-0.000800
-0.000802
-0.000805
-0.000807
-0.000809
-0.000811
-0.000813
-0.000816
-0.000818
-0.000820
-0.000822
-0.000824
-0.000826
-0.000828
-0.000831
-0.000833
-0.000835
-0.000837
-0.000839
-0.000841
-0.000843
-0.000845
-0.000847
-0.000849
-0.000851
-0.000853
-0.000855
-0.000857
-0.000859
-0.000861
-0.000863
-0.000865
-0.000867
-0.000869
-0.000871
-0.000873
-0.000875
-0.000877
-0.000878
-0.000880
-0.000882
-0.000884
-0.000886
-0.000888
-0.000890
-0.000891
-0.000893
-0.000895
-0.000897
-0.000899
-0.000900
-0.000902
-0.000904
-0.000906
-0.000907
-0.000909
-0.000911
-0.000912
-0.000914
-0.000916
-0.000917
-0.000919
-0.000921
-0.000922
-0.000924
-0.000926
-0.000927
-0.000929
-0.000931
-0.000932
-0.000934
-0.000935
-0.000937
-0.000938
-0.000940
-0.000942
-0.000943
-0.000945
-0.000946
-0.000948
-0.000949
-0.000951
-0.000952
-0.000954
-0.000955
-0.000956
-0.000958
-0.000959
-0.000961
-0.000962
-0.000964
-0.000965
-0.000966
-0.000968
-0.000969
-0.000970
-0.000972
-0.000973
-0.000974
-0.000976
-0.000977
-0.000978
-0.000980
-0.000981
-0.000982
-0.000984
-0.000985
-0.000986
-0.000987
-0.000989
-0.000990
-0.000991
-0.000992
-0.000993
-0.000995
-0.000996
-0.000997
-0.000998
-0.000999
-0.001000
-0.001002
-0.001003
-0.001004
-0.001005
-0.001006
-0.001007
-0.001008
-0.001009
-0.001010
-0.001011
-0.001012
-0.001014
-0.001015
-0.001016
-0.001017
-0.001018
-0.001019
-0.001020
-0.001021
-0.001022
-0.001023
-0.001024
-0.001025
-0.001025
-0.001026
-0.001027
-0.001028
-0.001029
-0.001030
-0.001031
-0.001032
-0.001033
-0.001034
-0.001035
-0.001035
-0.001036
-0.001037
-0.001038
-0.001039
-0.001040
-0.001040
-0.001041
-0.001042
-0.001043
-0.001044
-0.001044
-0.001045
-0.001046
-0.001047
-0.001047
-0.001048
-0.001049
-0.001050
-0.001050
-0.001051
-0.001052
-0.001052
-0.001053
-0.001054
-0.001054
-0.001055
-0.001056
-0.001056
-0.001057
-0.001058
-0.001058
-0.001059
-0.001059
-0.001060
-0.001061
-0.001061
-0.001062
-0.001062
-0.001063
-0.001063
-0.001064
-0.001065
-0.001065
-0.001066
-0.001066
-0.001067
-0.001067
-0.001068
-0.001068
-0.001069
-0.001069
-0.001069
-0.001070
-0.001070
-0.001071
-0.001071
-0.001072
-0.001072
-0.001073
-0.001073
-0.001073
-0.001074
-0.001074
-0.001074
-0.001075
-0.001075
-0.001076
-0.001076
-0.001076
-0.001077
-0.001077
-0.001077
-0.001078
-0.001078
-0.001078
-0.001078
-0.001079
-0.001079
-0.001079
-0.001080
-0.001080
-0.001080
-0.001080
-0.001081
-0.001081
-0.001081
-0.001081
-0.001081
-0.001082
-0.001082
-0.001082
-0.001082
-0.001082
-0.001083
-0.001083
-0.001083
-0.001083
-0.001083
-0.001083
-0.001083
-0.001084
-0.001084
-0.001084
-0.001084
-0.001084
-0.001084
-0.001084
-0.001084
-0.001084
-0.001084
-0.001085
-0.001085
-0.001085
-0.001085
-0.001085
-0.001085
-0.001085
-0.001085
-0.001085
-0.001085
-0.001085
-0.001085
-0.001085
-0.001085
-0.001085
-0.001085
-0.001085
-0.001085
-0.001085
-0.001084
-0.001084
-0.001084
-0.001084
-0.001084
-0.001084
-0.001084
-0.001084
-0.001084
-0.001084
-0.001084
-0.001083
-0.001083
-0.001083
-0.001083
-0.001083
-0.001083
-0.001083
-0.001082
-0.001082
-0.001082
-0.001082
-0.001082
-0.001081
-0.001081
-0.001081
-0.001081
-0.001081
-0.001080
-0.001080
-0.001080
-0.001080
-0.001079
-0.001079
-0.001079
-0.001079
-0.001078
-0.001078
-0.001078
-0.001078
-0.001077
-0.001077
-0.001077
-0.001076
-0.001076
-0.001076
-0.001075
-0.001075
-0.001075
-0.001074
-0.001074
-0.001074
-0.001073
-0.001073
-0.001073
-0.001072
-0.001072
-0.001072
-0.001071
-0.001071
-0.001070
-0.001070
-0.001070
-0.001069
-0.001069
-0.001068
-0.001068
-0.001067
-0.001067
-0.001067
-0.001066
-0.001066
-0.001065
-0.001065
-0.001064
-0.001064
-0.001063
-0.001063
-0.001062
-0.001062
-0.001061
-0.001061
-0.001060
-0.001060
-0.001059
-0.001059
-0.001058
-0.001058
-0.001057
-0.001057
-0.001056
-0.001056
-0.001055
-0.001054
-0.001054
-0.001053
-0.001053
-0.001052
-0.001052
-0.001051
-0.001050
-0.001050
-0.001049
-0.001049
-0.001048
-0.001047
-0.001047
-0.001046
-0.001045
-0.001045
-0.001044
-0.001044
-0.001043
-0.001042
-0.001042
-0.001041
-0.001040
-0.001040
-0.001039
-0.001038
-0.001038
-0.001037
-0.001036
-0.001035
-0.001035
-0.001034
-0.001033
-0.001033
-0.001032
-0.001031
-0.001030
-0.001030
-0.001029
-0.001028
-0.001028
-0.001027
-0.001026
-0.001025
-0.001024
-0.001024
-0.001023
-0.001022
-0.001021
-0.001021
-0.001020
-0.001019
-0.001018
-0.001017
-0.001017
-0.001016
-0.001015
-0.001014
-0.001013
-0.001013
-0.001012
-0.001011
-0.001010
-0.001009
-0.001008
-0.001008
-0.001007
-0.001006
-0.001005
-0.001004
-0.001003
-0.001002
-0.001002
-0.001001
-0.001000
-0.000999
-0.000998
-0.000997
-0.000996
-0.000995
-0.000995
-0.000994
-0.000993
-0.000992
-0.000991
-0.000990
-0.000989
-0.000988
-0.000987
-0.000986
-0.000985
-0.000984
-0.000983
-0.000983
-0.000982
-0.000981
-0.000980
-0.000979
-0.000978
-0.000977
-0.000976
-0.000975
-0.000974
-0.000973
-0.000972
-0.000971
-0.000970
-0.000969
-0.000968
-0.000967
-0.000966
-0.000965
-0.000964
-0.000963
-0.000962
-0.000961
-0.000960
-0.000959
-0.000958
-0.000957
-0.000956
-0.000955
-0.000954
-0.000953
-0.000952
-0.000951
-0.000950
-0.000949
-0.000948
-0.000946
-0.000945
-0.000944
-0.000943
-0.000942
-0.000941
-0.000940
-0.000939
-0.000938
-0.000937
-0.000936
-0.000935
-0.000934
-0.000932
-0.000931
-0.000930
-0.000929
-0.000928
-0.000927
-0.000926
-0.000925
-0.000924
-0.000922
-0.000921
-0.000920
-0.000919
-0.000918
-0.000917
-0.000916
-0.000915
-0.000913
-0.000912
-0.000911
-0.000910
-0.000909
-0.000908
-0.000907
-0.000905
-0.000904
-0.000903
-0.000902
-0.000901
-0.000900
-0.000898
-0.000897
-0.000896
-0.000895
-0.000894
-0.000893
-0.000891
-0.000890
-0.000889
-0.000888
-0.000887
-0.000885
-0.000884
-0.000883
-0.000882
-0.000881
-0.000879
-0.000878
-0.000877
-0.000876
-0.000875
-0.000873
-0.000872
-0.000871
-0.000870
-0.000868
-0.000867
-0.000866
-0.000865
-0.000864
-0.000862
-0.000861
-0.000860
-0.000859
-0.000857
-0.000856
-0.000855
-0.000854
-0.000852
-0.000851
-0.000850
-0.000849
-0.000847
-0.000846
-0.000845
-0.000843
-0.000842
-0.000841
-0.000840
-0.000838
-0.000837
-0.000836
-0.000835
-0.000833
-0.000832
-0.000831
-0.000829
-0.000828
-0.000827
-0.000826
-0.000824
-0.000823
-0.000822
-0.000820
-0.000819
-0.000818
-0.000817
-0.000815
-0.000814
-0.000813
-0.000811
-0.000810
-0.000809
-0.000807
-0.000806
-0.000805
-0.000803
-0.000802
-0.000801
-0.000799
-0.000798
-0.000797
-0.000796
-0.000794
-0.000793
-0.000792
-0.000790
-0.000789
-0.000788
-0.000786
-0.000785
-0.000784
-0.000782
-0.000781
-0.000780
-0.000778
-0.000777
-0.000775
-0.000774
-0.000773
-0.000771
-0.000770
-0.000769
-0.000767
-0.000766
-0.000765
-0.000763
-0.000762
-0.000761
-0.000759
-0.000758
-0.000757
-0.000755
-0.000754
-0.000752
-0.000751
-0.000750
-0.000748
-0.000747
-0.000746
-0.000744
-0.000743
-0.000741
-0.000740
-0.000739
-0.000737
-0.000736
-0.000735
-0.000733
-0.000732
-0.000730
-0.000729
-0.000728
-0.000726
-0.000725
-0.000724
-0.000722
-0.000721
-0.000719
-0.000718
-0.000717
-0.000715
-0.000714
-0.000712
-0.000711
-0.000710
-0.000708
-0.000707
-0.000705
-0.000704
-0.000703
-0.000701
-0.000700
-0.000698
-0.000697
-0.000696
-0.000694
-0.000693
-0.000691
-0.000690
-0.000689
-0.000687
-0.000686
-0.000684
-0.000683
-0.000682
-0.000680
-0.000679
-0.000677
-0.000676
-0.000675
-0.000673
-0.000672
-0.000670
-0.000669
-0.000668
-0.000666
-0.000665
-0.000663
-0.000662
-0.000661
-0.000659
-0.000658
-0.000656
-0.000655
-0.000653
-0.000652
-0.000651
-0.000649
-0.000648
-0.000646
-0.000645
-0.000644
-0.000642
-0.000641
-0.000639
-0.000638
-0.000636
-0.000635
-0.000634
-0.000632
-0.000631
-0.000629
-0.000628
-0.000626
-0.000625
-0.000624
-0.000622
-0.000621
-0.000619
-0.000618
-0.000617
-0.000615
-0.000614
-0.000612
-0.000611
-0.000609
-0.000608
-0.000607
-0.000605
-0.000604
-0.000602
-0.000601
-0.000599
-0.000598
-0.000597
-0.000595
-0.000594
-0.000592
-0.000591
-0.000590
-0.000588
-0.000587
-0.000585
-0.000584
-0.000582
-0.000581
-0.000580
-0.000578
-0.000577
-0.000575
-0.000574
-0.000572
-0.000571
-0.000570
-0.000568
-0.000567
-0.000565
-0.000564
-0.000562
-0.000561
-0.000560
-0.000558
-0.000557
-0.000555
-0.000554
-0.000553
-0.000551
-0.000550
-0.000548
-0.000547
-0.000545
-0.000544
-0.000543
-0.000541
-0.000540
-0.000538
-0.000537
-0.000536
-0.000534
-0.000533
-0.000531
-0.000530
-0.000528
-0.000527
-0.000526
-0.000524
-0.000523
-0.000521
-0.000520
-0.000519
-0.000517
-0.000516
-0.000514
-0.000513
-0.000511
-0.000510
-0.000509
-0.000507
-0.000506
-0.000504
-0.000503
-0.000502
-0.000500
-0.000499
-0.000497
-0.000496
-0.000495
-0.000493
-0.000492
-0.000490
-0.000489
-0.000488
-0.000486
-0.000485
-0.000483
-0.000482
-0.000481
-0.000479
-0.000478
-0.000476
-0.000475
-0.000474
-0.000472
-0.000471
-0.000469
-0.000468
-0.000467
-0.000465
-0.000464
-0.000462
-0.000461
-0.000460
-0.000458
-0.000457
-0.000455
-0.000454
-0.000453
-0.000451
-0.000450
-0.000449
-0.000447
-0.000446
-0.000444
-0.000443
-0.000442
-0.000440
-0.000439
-0.000437
-0.000436
-0.000435
-0.000433
-0.000432
-0.000431
-0.000429
-0.000428
-0.000426
-0.000425
-0.000424
-0.000422
-0.000421
-0.000420
-0.000418
-0.000417
-0.000416
-0.000414
-0.000413
-0.000411
-0.000410
-0.000409
-0.000407
-0.000406
-0.000405
-0.000403
-0.000402
-0.000401
-0.000399
-0.000398
-0.000397
-0.000395
-0.000394
-0.000392
-0.000391
-0.000390
-0.000388
-0.000387
-0.000386
-0.000384
-0.000383
-0.000382
-0.000380
-0.000379
-0.000378
-0.000376
-0.000375
-0.000374
-0.000372
-0.000371
-0.000370
-0.000368
-0.000367
-0.000366
-0.000364
-0.000363
-0.000362
-0.000360
-0.000359
-0.000358
-0.000356
-0.000355
-0.000354
-0.000352
-0.000351
-0.000350
-0.000348
-0.000347
-0.000346
-0.000345
-0.000343
-0.000342
-0.000341
-0.000339
-0.000338
-0.000337
-0.000335
-0.000334
-0.000333
-0.000332
-0.000330
-0.000329
-0.000328
-0.000326
-0.000325
-0.000324
-0.000322
-0.000321
-0.000320
-0.000319
-0.000317
-0.000316
-0.000315
-0.000313
-0.000312
-0.000311
-0.000310
-0.000308
-0.000307
-0.000306
-0.000305
-0.000303
-0.000302
-0.000301
-0.000299
-0.000298
-0.000297
-0.000296
-0.000294
-0.000293
-0.000292
-0.000291
-0.000289
-0.000288
-0.000287
-0.000286
-0.000284
-0.000283
-0.000282
-0.000281
-0.000279
-0.000278
-0.000277
-0.000276
-0.000274
-0.000273
-0.000272
-0.000271
-0.000269
-0.000268
-0.000267
-0.000266
-0.000264
-0.000263
-0.000262
-0.000261
-0.000260
-0.000258
-0.000257
-0.000256
-0.000255
-0.000253
-0.000252
-0.000251
-0.000250
-0.000249
-0.000247
-0.000246
-0.000245
-0.000244
-0.000243
-0.000241
-0.000240
-0.000239
-0.000238
-0.000237
-0.000235
-0.000234
-0.000233
-0.000232
-0.000231
-0.000229
-0.000228
-0.000227
-0.000226
-0.000225
-0.000224
-0.000222
-0.000221
-0.000220
-0.000219
-0.000218
-0.000216
-0.000215
-0.000214
-0.000213
-0.000212
-0.000211
-0.000209
-0.000208
-0.000207
-0.000206
-0.000205
-0.000204
-0.000203
-0.000201
-0.000200
-0.000199
-0.000198
-0.000197
-0.000196
-0.000195
-0.000193
-0.000192
-0.000191
-0.000190
-0.000189
-0.000188
-0.000187
-0.000185
-0.000184
-0.000183
-0.000182
-0.000181
-0.000180
-0.000179
-0.000178
-0.000177
-0.000175
-0.000174
-0.000173
-0.000172
-0.000171
-0.000170
-0.000169
-0.000168
-0.000167
-0.000165
-0.000164
-0.000163
-0.000162
-0.000161
-0.000160
-0.000159
-0.000158
-0.000157
-0.000156
-0.000155
-0.000153
-0.000152
-0.000151
-0.000150
-0.000149
-0.000148
-0.000147
-0.000146
-0.000145
-0.000144
-0.000143
-0.000142
-0.000141
-0.000140
-0.000139
-0.000138
-0.000136
-0.000135
-0.000134
-0.000133
-0.000132
-0.000131
-0.000130
-0.000129
-0.000128
-0.000127
-0.000126
-0.000125
-0.000124
-0.000123
-0.000122
-0.000121
-0.000120
-0.000119
-0.000118
-0.000117
-0.000116
-0.000115
-0.000114
-0.000113
-0.000112
-0.000111
-0.000110
-0.000109
-0.000108
-0.000107
-0.000106
-0.000105
-0.000104
-0.000103
-0.000102
-0.000101
-0.000100
-0.000099
-0.000098
-0.000097
-0.000096
-0.000095
-0.000094
-0.000093
-0.000092
-0.000091
-0.000090
-0.000089
-0.000088
-0.000087
-0.000086
-0.000085
-0.000084
-0.000083
-0.000082
-0.000081
-0.000080
-0.000079
-0.000078
-0.000078
-0.000077
-0.000076
-0.000075
-0.000074
-0.000073
-0.000072
-0.000071
-0.000070
-0.000069
-0.000068
-0.000067
-0.000066
-0.000065
-0.000064
-0.000064
-0.000063
-0.000062
-0.000061
-0.000060
-0.000059
-0.000058
-0.000057
-0.000056
-0.000055
-0.000054
-0.000054
-0.000053
-0.000052
-0.000051
-0.000050
-0.000049
-0.000048
-0.000047
-0.000046
-0.000046
-0.000045
-0.000044
-0.000043
-0.000042
-0.000041
-0.000040
-0.000039
-0.000039
-0.000038
-0.000037
-0.000036
-0.000035
-0.000034
-0.000033
-0.000033
-0.000032
-0.000031
-0.000030
-0.000029
-0.000028
-0.000027
-0.000027
-0.000026
-0.000025
-0.000024
-0.000023
-0.000022
-0.000022
-0.000021
-0.000020
-0.000019
-0.000018
-0.000017
-0.000017
-0.000016
-0.000015
-0.000014
-0.000013
-0.000013
-0.000012
-0.000011
-0.000010
-0.000009
-0.000009
-0.000008
-0.000007
-0.000006
-0.000005
-0.000005
-0.000004
-0.000003
-0.000002
-0.000001
-0.000001
0.000000
0.000001
0.000002
0.000002
0.000003
0.000004
0.000005
0.000006
0.000006
0.000007
0.000008
0.000009
0.000009
0.000010
0.000011
0.000012
0.000012
0.000013
0.000014
0.000015
0.000015
0.000016
0.000017
0.000018
0.000018
0.000019
0.000020
0.000020
0.000021
0.000022
0.000023
0.000023
0.000024
0.000025
0.000026
0.000026
0.000027
0.000028
0.000028
0.000029
0.000030
0.000030
0.000031
0.000032
0.000033
0.000033
0.000034
0.000035
0.000035
0.000036
0.000037
0.000037
0.000038
0.000039
0.000039
0.000040
0.000041
0.000041
0.000042
0.000043
0.000044
0.000044
0.000045
0.000045
0.000046
0.000047
0.000047
0.000048
0.000049
0.000049
0.000050
0.000051
0.000051
0.000052
0.000053
0.000053
0.000054
0.000055
0.000055
0.000056
0.000056
0.000057
0.000058
0.000058
0.000059
0.000060
0.000060
0.000061
0.000061
0.000062
0.000063
0.000063
0.000064
0.000065
0.000065
0.000066
0.000066
0.000067
0.000068
0.000068
0.000069
0.000069
0.000070
0.000070
0.000071
0.000072
0.000072
0.000073
0.000073
0.000074
0.000075
0.000075
0.000076
0.000076
0.000077
0.000077
0.000078
0.000079
0.000079
0.000080
0.000080
0.000081
0.000081
0.000082
0.000082
0.000083
0.000084
0.000084
0.000085
0.000085
0.000086
0.000086
0.000087
0.000087
0.000088
0.000088
0.000089
0.000089
0.000090
0.000091
0.000091
0.000092
0.000092
0.000093
0.000093
0.000094
0.000094
0.000095
0.000095
0.000096
0.000096
0.000097
0.000097
0.000098
0.000098
0.000099
0.000099
0.000100
0.000100
0.000101
0.000101
0.000102
0.000102
0.000103
0.000103
0.000104
0.000104
0.000104
0.000105
0.000105
0.000106
0.000106
0.000107
0.000107
0.000108
0.000108
0.000109
0.000109
0.000110
0.000110
0.000111
0.000111
0.000111
0.000112
0.000112
0.000113
0.000113
0.000114
0.000114
0.000115
0.000115
0.000115
0.000116
0.000116
0.000117
0.000117
0.000118
0.000118
0.000118
0.000119
0.000119
0.000120
0.000120
0.000120
0.000121
0.000121
0.000122
0.000122
0.000123
0.000123
0.000123
0.000124
0.000124
0.000125
0.000125
0.000125
0.000126
0.000126
0.000126
0.000127
0.000127
0.000128
0.000128
0.000128
0.000129
0.000129
0.000130
0.000130
0.000130
0.000131
0.000131
0.000131
0.000132
0.000132
0.000132
0.000133
0.000133
0.000134
0.000134
0.000134
0.000135
0.000135
0.000135
0.000136
0.000136
0.000136
0.000137
0.000137
0.000137
0.000138
0.000138
0.000138
0.000139
0.000139
0.000139
0.000140
0.000140
0.000140
0.000141
0.000141
0.000141
0.000142
0.000142
0.000142
0.000143
0.000143
0.000143
0.000144
0.000144
0.000144
0.000144
0.000145
0.000145
0.000145
0.000146
0.000146
0.000146
0.000147
0.000147
0.000147
0.000147
0.000148
0.000148
0.000148
0.000149
0.000149
0.000149
0.000149
0.000150
0.000150
0.000150
0.000150
0.000151
0.000151
0.000151
0.000152
0.000152
0.000152
0.000152
0.000153
0.000153
0.000153
0.000153
0.000154
0.000154
0.000154
0.000154
0.000155
0.000155
0.000155
0.000155
0.000156
0.000156
0.000156
0.000156
0.000157
0.000157
0.000157
0.000157
0.000158
0.000158
0.000158
0.000158
0.000158
0.000159
0.000159
0.000159
0.000159
0.000160
0.000160
0.000160
0.000160
0.000160
0.000161
0.000161
0.000161
0.000161
0.000161
0.000162
0.000162
0.000162
0.000162
0.000162
0.000163
0.000163
0.000163
0.000163
0.000163
0.000164
0.000164
0.000164
0.000164
0.000164
0.000164
0.000165
0.000165
0.000165
0.000165
0.000165
0.000166
0.000166
0.000166
0.000166
0.000166
0.000166
0.000167
0.000167
0.000167
0.000167
0.000167
0.000167
0.000168
0.000168
0.000168
0.000168
0.000168
0.000168
0.000168
0.000169
0.000169
0.000169
0.000169
0.000169
0.000169
0.000169
0.000170
0.000170
0.000170
0.000170
0.000170
0.000170
0.000170
0.000171
0.000171
0.000171
0.000171
0.000171
0.000171
0.000171
0.000171
0.000172
0.000172
0.000172
0.000172
0.000172
0.000172
0.000172
0.000172
0.000172
0.000173
0.000173
0.000173
0.000173
0.000173
0.000173
0.000173
0.000173
0.000173
0.000173
0.000174
0.000174
0.000174
0.000174
0.000174
0.000174
0.000174
0.000174
0.000174
0.000174
0.000174
0.000175
0.000175
0.000175
0.000175
0.000175
0.000175
0.000175
0.000175
0.000175
0.000175
0.000175
0.000175
0.000175
0.000176
0.000176
0.000176
0.000176
0.000176
0.000176
0.000176
0.000176
0.000176
0.000176
0.000176
0.000176
0.000176
0.000176
0.000176
0.000176
0.000176
0.000176
0.000177
0.000177
0.000177
0.000177
0.000177
0.000177
0.000177
0.000177
0.000177
0.000177
0.000177
0.000177
0.000177
0.000177
0.000177
0.000177
0.000177
0.000177
0.000177
0.000177
0.000177
0.000177
0.000177
0.000177
0.000177
0.000177
0.000177
0.000177
0.000177
0.000177
0.000177
0.000177
0.000177
0.000177
0.000177
0.000177
0.000177
0.000177
0.000178
0.000178
0.000178
0.000178
0.000178
0.000178
0.000178
0.000178
0.000178
0.000178
0.000177
0.000177
0.000177
0.000177
0.000177
0.000177
0.000177
0.000177
0.000177
0.000177
0.000177
0.000177
0.000177
0.000177
0.000177
0.000177
0.000177
0.000177
0.000177
0.000177
0.000177
0.000177
0.000177
0.000177
0.000177
0.000177
0.000177
0.000177
0.000177
0.000177
0.000177
0.000177
0.000177
0.000177
0.000177
0.000177
0.000177
0.000177
0.000177
0.000177
0.000177
0.000176
0.000176
0.000176
0.000176
0.000176
0.000176
0.000176
0.000176
0.000176
0.000176
0.000176
0.000176
0.000176
0.000176
0.000176
0.000176
0.000176
0.000176
0.000176
0.000175
0.000175
0.000175
0.000175
0.000175
0.000175
0.000175
0.000175
0.000175
0.000175
0.000175
0.000175
0.000175
0.000175
0.000175
0.000174
0.000174
0.000174
0.000174
0.000174
0.000174
0.000174
0.000174
0.000174
0.000174
0.000174
0.000174
0.000173
0.000173
0.000173
0.000173
0.000173
0.000173
0.000173
0.000173
0.000173
0.000173
0.000173
0.000173
0.000172
0.000172
0.000172
0.000172
0.000172
0.000172
0.000172
0.000172
0.000172
0.000172
0.000171
0.000171
0.000171
0.000171
0.000171
0.000171
0.000171
0.000171
0.000171
0.000171
0.000170
0.000170
0.000170
0.000170
0.000170
0.000170
0.000170
0.000170
0.000170
0.000169
0.000169
0.000169
0.000169
0.000169
0.000169
0.000169
0.000169
0.000168
0.000168
0.000168
0.000168
0.000168
0.000168
0.000168
0.000168
0.000167
0.000167
0.000167
0.000167
0.000167
0.000167
0.000167
0.000167
0.000166
0.000166
0.000166
0.000166
0.000166
0.000166
0.000166
0.000166
0.000165
0.000165
0.000165
0.000165
0.000165
0.000165
0.000165
0.000164
0.000164
0.000164
0.000164
0.000164
0.000164
0.000164
0.000163
0.000163
0.000163
0.000163
0.000163
0.000163
0.000163
0.000162
0.000162
0.000162
0.000162
0.000162
0.000162
0.000161
0.000161
0.000161
0.000161
0.000161
0.000161
0.000161
0.000160
0.000160
0.000160
0.000160
0.000160
0.000160
0.000159
0.000159
0.000159
0.000159
0.000159
0.000159
0.000159
0.000158
0.000158
0.000158
0.000158
0.000158
0.000158
0.000157
0.000157
0.000157
0.000157
0.000157
0.000157
0.000156
0.000156
0.000156
0.000156
0.000156
0.000155
0.000155
0.000155
0.000155
0.000155
0.000155
0.000154
0.000154
0.000154
0.000154
0.000154
0.000154
0.000153
0.000153
0.000153
0.000153
0.000153
0.000153
0.000152
0.000152
0.000152
0.000152
0.000152
0.000151
0.000151
0.000151
0.000151
0.000151
0.000151
0.000150
0.000150
0.000150
0.000150
0.000150
0.000149
0.000149
0.000149
0.000149
0.000149
0.000148
0.000148
0.000148
0.000148
0.000148
0.000148
0.000147
0.000147
0.000147
0.000147
0.000147
0.000146
0.000146
0.000146
0.000146
0.000146
0.000145
0.000145
0.000145
0.000145
0.000145
0.000144
0.000144
0.000144
0.000144
0.000144
0.000143
0.000143
0.000143
0.000143
0.000143
0.000142
0.000142
0.000142
0.000142
0.000142
0.000141
0.000141
0.000141
0.000141
0.000141
0.000140
0.000140
0.000140
0.000140
0.000140
0.000139
0.000139
0.000139
0.000139
0.000139
0.000138
0.000138
0.000138
0.000138
0.000138
0.000137
0.000137
0.000137
0.000137
0.000136
0.000136
0.000136
0.000136
0.000136
0.000135
0.000135
0.000135
0.000135
0.000135
0.000134
0.000134
0.000134
0.000134
0.000134
0.000133
0.000133
0.000133
0.000133
0.000132
0.000132
0.000132
0.000132
0.000132
0.000131
0.000131
0.000131
0.000131
0.000131
0.000130
0.000130
0.000130
0.000130
0.000129
0.000129
0.000129
0.000129
0.000129
0.000128
0.000128
0.000128
0.000128
0.000127
0.000127
0.000127
0.000127
0.000127
0.000126
0.000126
0.000126
0.000126
0.000125
0.000125
0.000125
0.000125
0.000125
0.000124
0.000124
0.000124
0.000124
0.000123
0.000123
0.000123
0.000123
0.000123
0.000122
0.000122
0.000122
0.000122
0.000121
0.000121
0.000121
0.000121
0.000121
0.000120
0.000120
0.000120
0.000120
0.000119
0.000119
0.000119
0.000119
0.000119
0.000118
0.000118
0.000118
0.000118
0.000117
0.000117
0.000117
0.000117
0.000116
0.000116
0.000116
0.000116
0.000116
0.000115
0.000115
0.000115
0.000115
0.000114
0.000114
0.000114
0.000114
0.000114
0.000113
0.000113
0.000113
0.000113
0.000112
0.000112
0.000112
0.000112
0.000111
0.000111
0.000111
0.000111
0.000111
0.000110
0.000110
0.000110
0.000110
0.000109
0.000109
0.000109
0.000109
0.000108
0.000108
0.000108
0.000108
0.000108
0.000107
0.000107
0.000107
0.000107
0.000106
0.000106
0.000106
0.000106
0.000105
0.000105
0.000105
0.000105
0.000105
0.000104
0.000104
0.000104
0.000104
0.000103
0.000103
0.000103
0.000103
0.000102
0.000102
0.000102
0.000102
0.000101
0.000101
0.000101
0.000101
0.000101
0.000100
0.000100
0.000100
0.000100
0.000099
0.000099
0.000099
0.000099
0.000098
0.000098
0.000098
0.000098
0.000098
0.000097
0.000097
0.000097
0.000097
0.000096
0.000096
0.000096
0.000096
0.000095
0.000095
0.000095
0.000095
0.000094
0.000094
0.000094
0.000094
0.000094
0.000093
0.000093
0.000093
0.000093
0.000092
0.000092
0.000092
0.000092
0.000091
0.000091
0.000091
0.000091
0.000091
0.000090
0.000090
0.000090
0.000090
0.000089
0.000089
0.000089
0.000089
0.000088
0.000088
0.000088
0.000088
0.000088
0.000087
0.000087
0.000087
0.000087
0.000086
0.000086
0.000086
0.000086
0.000085
0.000085
0.000085
0.000085
0.000085
0.000084
0.000084
0.000084
0.000084
0.000083
0.000083
0.000083
0.000083
0.000082
0.000082
0.000082
0.000082
0.000082
0.000081
0.000081
0.000081
0.000081
0.000080
0.000080
0.000080
0.000080
0.000079
0.000079
0.000079
0.000079
0.000079
0.000078
0.000078
0.000078
0.000078
0.000077
0.000077
0.000077
0.000077
0.000076
0.000076
0.000076
0.000076
0.000076
0.000075
0.000075
0.000075
0.000075
0.000074
0.000074
0.000074
0.000074
0.000074
0.000073
0.000073
0.000073
0.000073
0.000072
0.000072
0.000072
0.000072
0.000071
0.000071
0.000071
0.000071
0.000071
0.000070
0.000070
0.000070
0.000070
0.000069
0.000069
0.000069
0.000069
0.000069
0.000068
0.000068
0.000068
0.000068
0.000067
0.000067
0.000067
0.000067
0.000067
0.000066
0.000066
0.000066
0.000066
0.000065
0.000065
0.000065
0.000065
0.000065
0.000064
0.000064
0.000064
0.000064
0.000063
0.000063
0.000063
0.000063
0.000063
0.000062
0.000062
0.000062
0.000062
0.000061
0.000061
0.000061
0.000061
0.000061
0.000060
0.000060
0.000060
0.000060
0.000060
0.000059
0.000059
0.000059
0.000059
0.000058
0.000058
0.000058
0.000058
0.000058
0.000057
0.000057
0.000057
0.000057
0.000056
0.000056
0.000056
0.000056
0.000056
0.000055
0.000055
0.000055
0.000055
0.000055
0.000054
0.000054
0.000054
0.000054
0.000053
0.000053
0.000053
0.000053
0.000053
0.000052
0.000052
0.000052
0.000052
0.000052
0.000051
0.000051
0.000051
0.000051
0.000051
0.000050
0.000050
0.000050
0.000050
0.000050
0.000049
0.000049
0.000049
0.000049
0.000048
0.000048
0.000048
0.000048
0.000048
0.000047
0.000047
0.000047
0.000047
0.000047
0.000046
0.000046
0.000046
0.000046
0.000046
0.000045
0.000045
0.000045
0.000045
0.000045
0.000044
0.000044
0.000044
0.000044
0.000044
0.000043
0.000043
0.000043
0.000043
0.000043
0.000042
0.000042
0.000042
0.000042
0.000042
0.000041
0.000041
0.000041
0.000041
0.000041
0.000040
0.000040
0.000040
0.000040
0.000040
0.000039
0.000039
0.000039
0.000039
0.000039
0.000038
0.000038
0.000038
0.000038
0.000038
0.000037
0.000037
0.000037
0.000037
0.000037
0.000036
0.000036
0.000036
0.000036
0.000036
0.000036
0.000035
0.000035
0.000035
0.000035
0.000035
0.000034
0.000034
0.000034
0.000034
0.000034
0.000033
0.000033
0.000033
0.000033
0.000033
0.000032
0.000032
0.000032
0.000032
0.000032
0.000032
0.000031
0.000031
0.000031
0.000031
0.000031
0.000030
0.000030
0.000030
0.000030
0.000030
0.000030
0.000029
0.000029
0.000029
0.000029
0.000029
0.000028
0.000028
0.000028
0.000028
0.000028
0.000028
0.000027
0.000027
0.000027
0.000027
0.000027
0.000026
0.000026
0.000026
0.000026
0.000026
0.000026
0.000025
0.000025
0.000025
0.000025
0.000025
0.000024
0.000024
0.000024
0.000024
0.000024
0.000024
0.000023
0.000023
0.000023
0.000023
0.000023
0.000023
0.000022
0.000022
0.000022
0.000022
0.000022
0.000022
0.000021
0.000021
0.000021
0.000021
0.000021
0.000021
0.000020
0.000020
0.000020
0.000020
0.000020
0.000020
0.000019
0.000019
0.000019
0.000019
0.000019
0.000019
0.000018
0.000018
0.000018
0.000018
0.000018
0.000018
0.000017
0.000017
0.000017
0.000017
0.000017
0.000017
0.000016
0.000016
0.000016
0.000016
0.000016
0.000016
0.000015
0.000015
0.000015
0.000015
0.000015
0.000015
0.000014
0.000014
0.000014
0.000014
0.000014
0.000014
0.000014
0.000013
0.000013
0.000013
0.000013
0.000013
0.000013
0.000012
0.000012
0.000012
0.000012
0.000012
0.000012
0.000012
0.000011
0.000011
0.000011
0.000011
0.000011
0.000011
0.000010
0.000010
0.000010
0.000010
0.000010
0.000010
0.000010
0.000009
0.000009
0.000009
0.000009
0.000009
0.000009
0.000009
0.000008
0.000008
0.000008
0.000008
0.000008
0.000008
0.000008
0.000007
0.000007
0.000007
0.000007
0.000007
0.000007
0.000007
0.000006
0.000006
0.000006
0.000006
0.000006
0.000006
0.000006
0.000005
0.000005
0.000005
0.000005
0.000005
0.000005
0.000005
0.000004
0.000004
0.000004
0.000004
0.000004
0.000004
0.000004
0.000003
0.000003
0.000003
0.000003
0.000003
0.000003
0.000003
0.000003
0.000002
0.000002
0.000002
0.000002
0.000002
0.000002
0.000002
0.000001
0.000001
0.000001
0.000001
0.000001
0.000001
0.000001
0.000001
0.000000
0.000000
0.000000
0.000000
-0.000000
-0.000000
-0.000000
-0.000000
-0.000001
-0.000001
-0.000001
-0.000001
-0.000001
-0.000001
-0.000001
-0.000001
-0.000002
-0.000002
-0.000002
-0.000002
-0.000002
-0.000002
-0.000002
-0.000002
-0.000003
-0.000003
-0.000003
-0.000003
-0.000003
-0.000003
-0.000003
-0.000003
-0.000004
-0.000004
-0.000004
-0.000004
-0.000004
-0.000004
-0.000004
-0.000004
-0.000004
-0.000005
-0.000005
-0.000005
-0.000005
-0.000005
-0.000005
-0.000005
-0.000005
-0.000006
-0.000006
-0.000006
-0.000006
-0.000006
-0.000006
-0.000006
-0.000006
-0.000006
-0.000007
-0.000007
-0.000007
-0.000007
-0.000007
-0.000007
-0.000007
-0.000007
-0.000007
-0.000008
-0.000008
-0.000008
-0.000008
-0.000008
-0.000008
-0.000008
-0.000008
-0.000008
-0.000008
-0.000009
-0.000009
-0.000009
-0.000009
-0.000009
-0.000009
-0.000009
-0.000009
-0.000009
-0.000010
-0.000010
-0.000010
-0.000010
-0.000010
-0.000010
-0.000010
-0.000010
-0.000010
-0.000010
-0.000011
-0.000011
-0.000011
-0.000011
-0.000011
-0.000011
-0.000011
-0.000011
-0.000011
-0.000011
-0.000012
-0.000012
-0.000012
-0.000012
-0.000012
-0.000012
-0.000012
-0.000012
-0.000012
-0.000012
-0.000012
-0.000013
-0.000013
-0.000013
-0.000013
-0.000013
-0.000013
-0.000013
-0.000013
-0.000013
-0.000013
-0.000013
-0.000014
-0.000014
-0.000014
-0.000014
-0.000014
-0.000014
-0.000014
-0.000014
-0.000014
-0.000014
-0.000014
-0.000015
-0.000015
-0.000015
-0.000015
-0.000015
-0.000015
-0.000015
-0.000015
-0.000015
-0.000015
-0.000015
-0.000015
-0.000016
-0.000016
-0.000016
-0.000016
-0.000016
-0.000016
-0.000016
-0.000016
-0.000016
-0.000016
-0.000016
-0.000016
-0.000017
-0.000017
-0.000017
-0.000017
-0.000017
-0.000017
-0.000017
-0.000017
-0.000017
-0.000017
-0.000017
-0.000017
-0.000017
-0.000018
-0.000018
-0.000018
-0.000018
-0.000018
-0.000018
-0.000018
-0.000018
-0.000018
-0.000018
-0.000018
-0.000018
-0.000018
-0.000019
-0.000019
-0.000019
-0.000019
-0.000019
-0.000019
-0.000019
-0.000019
-0.000019
-0.000019
-0.000019
-0.000019
-0.000019
-0.000019
-0.000019
-0.000020
-0.000020
-0.000020
-0.000020
-0.000020
-0.000020
-0.000020
-0.000020
-0.000020
-0.000020
-0.000020
-0.000020
-0.000020
-0.000020
-0.000020
-0.000021
-0.000021
-0.000021
-0.000021
-0.000021
-0.000021
-0.000021
-0.000021
-0.000021
-0.000021
-0.000021
-0.000021
-0.000021
-0.000021
-0.000021
-0.000021
-0.000022
-0.000022
-0.000022
-0.000022
-0.000022
-0.000022
-0.000022
-0.000022
-0.000022
-0.000022
-0.000022
-0.000022
-0.000022
-0.000022
-0.000022
-0.000022
-0.000022
-0.000023
-0.000023
-0.000023
-0.000023
-0.000023
-0.000023
-0.000023
-0.000023
-0.000023
-0.000023
-0.000023
-0.000023
-0.000023
-0.000023
-0.000023
-0.000023
-0.000023
-0.000023
-0.000023
-0.000024
-0.000024
-0.000024
-0.000024
-0.000024
-0.000024
-0.000024
-0.000024
-0.000024
-0.000024
-0.000024
-0.000024
-0.000024
-0.000024
-0.000024
-0.000024
-0.000024
-0.000024
-0.000024
-0.000024
-0.000024
-0.000025
-0.000025
-0.000025
-0.000025
-0.000025
-0.000025
-0.000025
-0.000025
-0.000025
-0.000025
-0.000025
-0.000025
-0.000025
-0.000025
-0.000025
-0.000025
-0.000025
-0.000025
-0.000025
-0.000025
-0.000025
-0.000025
-0.000025
-0.000026
-0.000026
-0.000026
-0.000026
-0.000026
-0.000026
-0.000026
-0.000026
-0.000026
-0.000026
-0.000026
-0.000026
-0.000026
-0.000026
-0.000026
-0.000026
-0.000026
-0.000026
-0.000026
-0.000026
-0.000026
-0.000026
-0.000026
-0.000026
-0.000026
-0.000026
-0.000026
-0.000026
-0.000027
-0.000027
-0.000027
-0.000027
-0.000027
-0.000027
-0.000027
-0.000027
-0.000027
-0.000027
-0.000027
-0.000027
-0.000027
-0.000027
-0.000027
-0.000027
-0.000027
-0.000027
-0.000027
-0.000027
-0.000027
-0.000027
-0.000027
-0.000027
-0.000027
-0.000027
-0.000027
-0.000027
-0.000027
-0.000027
-0.000027
-0.000027
-0.000027
-0.000027
-0.000028
-0.000028
-0.000028
-0.000028
-0.000028
-0.000028
-0.000028
-0.000028
-0.000028
-0.000028
-0.000028
-0.000028
-0.000028
-0.000028
-0.000028
-0.000028
-0.000028
-0.000028
-0.000028
-0.000028
-0.000028
-0.000028
-0.000028
-0.000028
-0.000028
-0.000028
-0.000028
-0.000028
-0.000028
-0.000028
-0.000028
-0.000028
-0.000028
-0.000028
-0.000028
-0.000028
-0.000028
-0.000028
-0.000028
-0.000028
-0.000028
-0.000028
-0.000028
-0.000028
-0.000028
-0.000028
-0.000028
-0.000028
-0.000028
-0.000028
-0.000028
-0.000029
-0.000029
-0.000029
-0.000029
-0.000029
-0.000029
-0.000029
-0.000029
-0.000029
-0.000029
-0.000029
-0.000029
-0.000029
-0.000029
-0.000029
-0.000029
-0.000029
-0.000029
-0.000029
-0.000029
-0.000029
-0.000029
-0.000029
-0.000029
-0.000029
-0.000029
-0.000029
-0.000029
-0.000029
-0.000029
-0.000029
-0.000029
-0.000029
-0.000029
-0.000029
-0.000029
-0.000029
-0.000029
-0.000029
-0.000029
-0.000029
-0.000029
-0.000029
-0.000029
-0.000029
-0.000029
-0.000029
-0.000029
-0.000029
-0.000029
-0.000029
-0.000029
-0.000029
-0.000029
-0.000029
-0.000029
-0.000029
-0.000029
-0.000029
-0.000029
-0.000029
-0.000029
-0.000029
-0.000029
-0.000029
-0.000029
-0.000029
-0.000029
-0.000029
-0.000029
-0.000029
-0.000029
-0.000029
-0.000029
-0.000029
-0.000029
-0.000029
-0.000029
-0.000029
-0.000029
-0.000029
-0.000029
-0.000029
-0.000029
-0.000029
-0.000029
-0.000029
-0.000029
-0.000029
-0.000029
-0.000029
-0.000029
-0.000029
-0.000029
-0.000029
-0.000029
-0.000029
-0.000029
-0.000029
-0.000029
-0.000029
-0.000029
-0.000029
-0.000029
-0.000029
-0.000029
-0.000029
-0.000029
-0.000029
-0.000029
-0.000029
-0.000029
-0.000029
-0.000029
-0.000029
-0.000029
-0.000029
-0.000029
-0.000029
-0.000029
-0.000029
-0.000029
-0.000029
-0.000029
-0.000029
-0.000029
-0.000029
-0.000029
-0.000029
-0.000029
-0.000029
-0.000029
-0.000029
-0.000029
-0.000029
-0.000029
-0.000029
-0.000029
-0.000029
-0.000029
-0.000029
-0.000029
-0.000029
-0.000029
-0.000029
-0.000029
-0.000029
-0.000029
-0.000029
-0.000029
-0.000029
-0.000029
-0.000029
-0.000029
-0.000029
-0.000029
-0.000029
-0.000029
-0.000029
-0.000029
-0.000029
-0.000029
-0.000029
-0.000029
-0.000029
-0.000028
-0.000028
-0.000028
-0.000028
-0.000028
-0.000028
-0.000028
-0.000028
-0.000028
-0.000028
-0.000028
-0.000028
-0.000028
-0.000028
-0.000028
-0.000028
-0.000028
-0.000028
-0.000028
-0.000028
-0.000028
-0.000028
-0.000028
-0.000028
-0.000028
-0.000028
-0.000028
-0.000028
-0.000028
-0.000028
-0.000028
-0.000028
-0.000028
-0.000028
-0.000028
-0.000028
-0.000028
-0.000028
-0.000028
-0.000028
-0.000028
-0.000028
-0.000028
-0.000028
-0.000028
-0.000028
-0.000028
-0.000028
-0.000028
-0.000028
-0.000028
-0.000028
-0.000028
-0.000028
-0.000028
-0.000028
-0.000028
-0.000028
-0.000028
-0.000028
-0.000027
-0.000027
-0.000027
-0.000027
-0.000027
-0.000027
-0.000027
-0.000027
-0.000027
-0.000027
-0.000027
-0.000027
-0.000027
-0.000027
-0.000027
-0.000027
-0.000027
-0.000027
-0.000027
-0.000027
-0.000027
-0.000027
-0.000027
-0.000027
-0.000027
-0.000027
-0.000027
-0.000027
-0.000027
-0.000027
-0.000027
-0.000027
-0.000027
-0.000027
-0.000027
-0.000027
-0.000027
-0.000027
-0.000027
-0.000027
-0.000027
-0.000027
-0.000027
-0.000027
-0.000027
-0.000026
-0.000026
-0.000026
-0.000026
-0.000026
-0.000026
-0.000026
-0.000026
-0.000026
-0.000026
-0.000026
-0.000026
-0.000026
-0.000026
-0.000026
-0.000026
-0.000026
-0.000026
-0.000026
-0.000026
-0.000026
-0.000026
-0.000026
-0.000026
-0.000026
-0.000026
-0.000026
-0.000026
-0.000026
-0.000026
-0.000026
-0.000026
-0.000026
-0.000026
-0.000026
-0.000026
-0.000026
-0.000026
-0.000025
-0.000025
-0.000025
-0.000025
-0.000025
-0.000025
-0.000025
-0.000025
-0.000025
-0.000025
-0.000025
-0.000025
-0.000025
-0.000025
-0.000025
-0.000025
-0.000025
-0.000025
-0.000025
-0.000025
-0.000025
-0.000025
-0.000025
-0.000025
-0.000025
-0.000025
-0.000025
-0.000025
-0.000025
-0.000025
-0.000025
-0.000025
-0.000025
-0.000025
-0.000024
-0.000024
-0.000024
-0.000024
-0.000024
-0.000024
-0.000024
-0.000024
-0.000024
-0.000024
-0.000024
-0.000024
-0.000024
-0.000024
-0.000024
-0.000024
-0.000024
-0.000024
-0.000024
-0.000024
-0.000024
-0.000024
-0.000024
-0.000024
-0.000024
-0.000024
-0.000024
-0.000024
-0.000024
-0.000024
-0.000024
-0.000023
-0.000023
-0.000023
-0.000023
-0.000023
-0.000023
-0.000023
-0.000023
-0.000023
-0.000023
-0.000023
-0.000023
-0.000023
-0.000023
-0.000023
-0.000023
-0.000023
-0.000023
-0.000023
-0.000023
-0.000023
-0.000023
-0.000023
-0.000023
-0.000023
-0.000023
-0.000023
-0.000023
-0.000023
-0.000023
-0.000022
-0.000022
-0.000022
-0.000022
-0.000022
-0.000022
-0.000022
-0.000022
-0.000022
-0.000022
-0.000022
-0.000022
-0.000022
-0.000022
-0.000022
-0.000022
-0.000022
-0.000022
-0.000022
-0.000022
-0.000022
-0.000022
-0.000022
-0.000022
-0.000022
-0.000022
-0.000022
-0.000022
-0.000022
-0.000021
-0.000021
-0.000021
-0.000021
-0.000021
-0.000021
-0.000021
-0.000021
-0.000021
-0.000021
-0.000021
-0.000021
-0.000021
-0.000021
-0.000021
-0.000021
-0.000021
-0.000021
-0.000021
-0.000021
-0.000021
-0.000021
-0.000021
-0.000021
-0.000021
-0.000021
-0.000021
-0.000021
-0.000020
-0.000020
-0.000020
-0.000020
-0.000020
-0.000020
-0.000020
-0.000020
-0.000020
-0.000020
-0.000020
-0.000020
-0.000020
-0.000020
-0.000020
-0.000020
-0.000020
-0.000020
-0.000020
-0.000020
-0.000020
-0.000020
-0.000020
-0.000020
-0.000020
-0.000020
-0.000020
-0.000019
-0.000019
-0.000019
-0.000019
-0.000019
-0.000019
-0.000019
-0.000019
-0.000019
-0.000019
-0.000019
-0.000019
-0.000019
-0.000019
-0.000019
-0.000019
-0.000019
-0.000019
-0.000019
-0.000019
-0.000019
-0.000019
-0.000019
-0.000019
-0.000019
-0.000019
-0.000019
-0.000018
-0.000018
-0.000018
-0.000018
-0.000018
-0.000018
-0.000018
-0.000018
-0.000018
-0.000018
-0.000018
-0.000018
-0.000018
-0.000018
-0.000018
-0.000018
-0.000018
-0.000018
-0.000018
-0.000018
-0.000018
-0.000018
-0.000018
-0.000018
-0.000018
-0.000018
-0.000018
-0.000017
-0.000017
-0.000017
-0.000017
-0.000017
-0.000017
-0.000017
-0.000017
-0.000017
-0.000017
-0.000017
-0.000017
-0.000017
-0.000017
-0.000017
-0.000017
-0.000017
-0.000017
-0.000017
-0.000017
-0.000017
-0.000017
-0.000017
-0.000017
-0.000017
-0.000017
-0.000016
-0.000016
-0.000016
-0.000016
-0.000016
-0.000016
-0.000016
-0.000016
-0.000016
-0.000016
-0.000016
-0.000016
-0.000016
-0.000016
-0.000016
-0.000016
-0.000016
-0.000016
-0.000016
-0.000016
-0.000016
-0.000016
-0.000016
-0.000016
-0.000016
-0.000016
-0.000015
-0.000015
-0.000015
-0.000015
-0.000015
-0.000015
-0.000015
-0.000015
-0.000015
-0.000015
-0.000015
-0.000015
-0.000015
-0.000015
-0.000015
-0.000015
-0.000015
-0.000015
-0.000015
-0.000015
-0.000015
-0.000015
-0.000015
-0.000015
-0.000015
-0.000015
-0.000014
-0.000014
-0.000014
-0.000014
-0.000014
-0.000014
-0.000014
-0.000014
-0.000014
-0.000014
-0.000014
-0.000014
-0.000014
-0.000014
-0.000014
-0.000014
-0.000014
-0.000014
-0.000014
-0.000014
-0.000014
-0.000014
-0.000014
-0.000014
-0.000014
-0.000014
-0.000014
-0.000013
-0.000013
-0.000013
-0.000013
-0.000013
-0.000013
-0.000013
-0.000013
-0.000013
-0.000013
-0.000013
-0.000013
-0.000013
-0.000013
-0.000013
-0.000013
-0.000013
-0.000013
-0.000013
-0.000013
-0.000013
-0.000013
-0.000013
-0.000013
-0.000013
-0.000013
-0.000012
-0.000012
-0.000012
-0.000012
-0.000012
-0.000012
-0.000012
-0.000012
-0.000012
-0.000012
-0.000012
-0.000012
-0.000012
-0.000012
-0.000012
-0.000012
-0.000012
-0.000012
-0.000012
-0.000012
-0.000012
-0.000012
-0.000012
-0.000012
-0.000012
-0.000012
-0.000012
-0.000011
-0.000011
-0.000011
-0.000011
-0.000011
-0.000011
-0.000011
-0.000011
-0.000011
-0.000011
-0.000011
-0.000011
-0.000011
-0.000011
-0.000011
-0.000011
-0.000011
-0.000011
-0.000011
-0.000011
-0.000011
-0.000011
-0.000011
-0.000011
-0.000011
-0.000011
-0.000011
-0.000011
-0.000010
-0.000010
-0.000010
-0.000010
-0.000010
-0.000010
-0.000010
-0.000010
-0.000010
-0.000010
-0.000010
-0.000010
-0.000010
-0.000010
-0.000010
-0.000010
-0.000010
-0.000010
-0.000010
-0.000010
-0.000010
-0.000010
-0.000010
-0.000010
-0.000010
-0.000010
-0.000010
-0.000010
-0.000009
-0.000009
-0.000009
-0.000009
-0.000009
-0.000009
-0.000009
-0.000009
-0.000009
-0.000009
-0.000009
-0.000009
-0.000009
-0.000009
-0.000009
-0.000009
-0.000009
-0.000009
-0.000009
-0.000009
-0.000009
-0.000009
-0.000009
-0.000009
-0.000009
-0.000009
-0.000009
-0.000009
-0.000008
-0.000008
-0.000008
-0.000008
-0.000008
-0.000008
-0.000008
-0.000008
-0.000008
-0.000008
-0.000008
-0.000008
-0.000008
-0.000008
-0.000008
-0.000008
-0.000008
-0.000008
-0.000008
-0.000008
-0.000008
-0.000008
-0.000008
-0.000008
-0.000008
-0.000008
-0.000008
-0.000008
-0.000008
-0.000008
-0.000007
-0.000007
-0.000007
-0.000007
-0.000007
-0.000007
-0.000007
-0.000007
-0.000007
-0.000007
-0.000007
-0.000007
-0.000007
-0.000007
-0.000007
-0.000007
-0.000007
-0.000007
-0.000007
-0.000007
-0.000007
-0.000007
-0.000007
-0.000007
-0.000007
-0.000007
-0.000007
-0.000007
-0.000007
-0.000007
-0.000006
-0.000006
-0.000006
-0.000006
-0.000006
-0.000006
-0.000006
-0.000006
-0.000006
-0.000006
-0.000006
-0.000006
-0.000006
-0.000006
-0.000006
-0.000006
-0.000006
-0.000006
-0.000006
-0.000006
-0.000006
-0.000006
-0.000006
-0.000006
-0.000006
-0.000006
-0.000006
-0.000006
-0.000006
-0.000006
-0.000006
-0.000006
-0.000005
-0.000005
-0.000005
-0.000005
-0.000005
-0.000005
-0.000005
-0.000005
-0.000005
-0.000005
-0.000005
-0.000005
-0.000005
-0.000005
-0.000005
-0.000005
-0.000005
-0.000005
-0.000005
-0.000005
-0.000005
-0.000005
-0.000005
-0.000005
-0.000005
-0.000005
-0.000005
-0.000005
-0.000005
-0.000005
-0.000005
-0.000005
-0.000005
-0.000004
-0.000004
-0.000004
-0.000004
-0.000004
-0.000004
-0.000004
-0.000004
-0.000004
-0.000004
-0.000004
-0.000004
-0.000004
-0.000004
-0.000004
-0.000004
-0.000004
-0.000004
-0.000004
-0.000004
-0.000004
-0.000004
-0.000004
-0.000004
-0.000004
-0.000004
-0.000004
-0.000004
-0.000004
-0.000004
-0.000004
-0.000004
-0.000004
-0.000004
-0.000004
-0.000003
-0.000003
-0.000003
-0.000003
-0.000003
-0.000003
-0.000003
-0.000003
-0.000003
-0.000003
-0.000003
-0.000003
-0.000003
-0.000003
-0.000003
-0.000003
-0.000003
-0.000003
-0.000003
-0.000003
-0.000003
-0.000003
-0.000003
-0.000003
-0.000003
-0.000003
-0.000003
-0.000003
-0.000003
-0.000003
-0.000003
-0.000003
-0.000003
-0.000003
-0.000003
-0.000003
-0.000003
-0.000002
-0.000002
-0.000002
-0.000002
-0.000002
-0.000002
-0.000002
-0.000002
-0.000002
-0.000002
-0.000002
-0.000002
-0.000002
-0.000002
-0.000002
-0.000002
-0.000002
-0.000002
-0.000002
-0.000002
-0.000002
-0.000002
-0.000002
-0.000002
-0.000002
-0.000002
-0.000002
-0.000002
-0.000002
-0.000002
-0.000002
-0.000002
-0.000002
-0.000002
-0.000002
-0.000002
-0.000002
-0.000002
-0.000002
-0.000002
-0.000001
-0.000001
-0.000001
-0.000001
-0.000001
-0.000001
-0.000001
-0.000001
-0.000001
-0.000001
-0.000001
-0.000001
-0.000001
-0.000001
-0.000001
-0.000001
-0.000001
-0.000001
-0.000001
-0.000001
-0.000001
-0.000001
-0.000001
-0.000001
-0.000001
-0.000001
-0.000001
-0.000001
-0.000001
-0.000001
-0.000001
-0.000001
-0.000001
-0.000001
-0.000001
-0.000001
-0.000001
-0.000001
-0.000001
-0.000001
-0.000001
-0.000001
-0.000001
-0.000000
-0.000000
-0.000000
-0.000000
-0.000000
-0.000000
-0.000000
-0.000000
-0.000000
-0.000000
-0.000000
-0.000000
-0.000000
-0.000000
-0.000000
-0.000000
-0.000000
-0.000000
-0.000000
-0.000000
-0.000000
-0.000000
-0.000000
0.000000
0.000000
0.000000
0.000000
0.000000
0.000000
0.000000
0.000000
0.000000
0.000000
0.000000
0.000000
0.000000
0.000000
0.000000
0.000000
0.000000
0.000000
0.000000
0.000000
0.000000
0.000000
0.000000
0.000000
0.000000
0.000001
0.000001
0.000001
0.000001
0.000001
0.000001
0.000001
0.000001
0.000001
0.000001
0.000001
0.000001
0.000001
0.000001
0.000001
0.000001
0.000001
0.000001
0.000001
0.000001
0.000001
0.000001
0.000001
0.000001
0.000001
0.000001
0.000001
0.000001
0.000001
0.000001
0.000001
0.000001
0.000001
0.000001
0.000001
0.000001
0.000001
0.000001
0.000001
0.000001
0.000001
0.000001
0.000001
0.000001
0.000001
0.000001
0.000001
0.000001
0.000001
0.000001
0.000001
0.000001
0.000001
0.000001
0.000002
0.000002
0.000002
0.000002
0.000002
0.000002
0.000002
0.000002
0.000002
0.000002
0.000002
0.000002
0.000002
0.000002
0.000002
0.000002
0.000002
0.000002
0.000002
0.000002
0.000002
0.000002
0.000002
0.000002
0.000002
0.000002
0.000002
0.000002
0.000002
0.000002
0.000002
0.000002
0.000002
0.000002
0.000002
0.000002
0.000002
0.000002
0.000002
0.000002
0.000002
0.000002
0.000002
0.000002
0.000002
0.000002
0.000002
0.000002
0.000002
0.000002
0.000002
0.000002
0.000002
0.000002
0.000002
0.000002
0.000002
0.000002
0.000002
0.000002
0.000002
0.000002
0.000002
0.000002
0.000002
0.000003
0.000003
0.000003
0.000003
0.000003
0.000003
0.000003
0.000003
0.000003
0.000003
0.000003
0.000003
0.000003
0.000003
0.000003
0.000003
0.000003
0.000003
0.000003
0.000003
0.000003
0.000003
0.000003
0.000003
0.000003
0.000003
0.000003
0.000003
0.000003
0.000003
0.000003
0.000003
0.000003
0.000003
0.000003
0.000003
0.000003
0.000003
0.000003
0.000003
0.000003
0.000003
0.000003
0.000003
0.000003
0.000003
0.000003
0.000003
0.000003
0.000003
0.000003
0.000003
0.000003
0.000003
0.000003
0.000003
0.000003
0.000003
0.000003
0.000003
0.000003
0.000003
0.000003
0.000003
0.000003
0.000003
0.000003
0.000003
0.000003
0.000003
0.000003
0.000003
0.000003
0.000003
0.000003
0.000003
0.000003
0.000003
0.000003
0.000003
0.000003
0.000003
0.000003
0.000003
0.000003
0.000004
0.000004
0.000004
0.000004
0.000004
0.000004
0.000004
0.000004
0.000004
0.000004
0.000004
0.000004
0.000004
0.000004
0.000004
0.000004
0.000004
0.000004
0.000004
0.000004
0.000004
0.000004
0.000004
0.000004
0.000004
0.000004
0.000004
0.000004
0.000004
0.000004
0.000004
0.000004
0.000004
0.000004
0.000004
0.000004
0.000004
0.000004
0.000004
0.000004
0.000004
0.000004
0.000004
0.000004
0.000004
0.000004
0.000004
0.000004
0.000004
0.000004
0.000004
0.000004
0.000004
0.000004
0.000004
0.000004
0.000004
0.000004
0.000004
0.000004
0.000004
0.000004
0.000004
0.000004
0.000004
0.000004
0.000004
0.000004
0.000004
0.000004
0.000004
0.000004
0.000004
0.000004
0.000004
0.000004
0.000004
0.000004
0.000004
0.000004
0.000004
0.000004
0.000004
0.000004
0.000004
0.000004
0.000004
0.000004
0.000004
0.000004
0.000004
0.000004
0.000004
0.000004
0.000004
0.000004
0.000004
0.000004
0.000004
0.000004
0.000004
0.000004
0.000004
0.000004
0.000004
0.000004
0.000004
0.000004
0.000004
0.000004
0.000004
0.000004
0.000004
0.000004
0.000004
0.000004
0.000004
0.000004
0.000004
0.000004
0.000004
0.000004
0.000004
0.000004
0.000004
0.000004
0.000004
0.000004
0.000004
0.000004
0.000004
0.000004
0.000004
0.000004
0.000004
0.000004
0.000004
0.000004
0.000004
0.000004
0.000004
0.000004
0.000004
0.000004
0.000005
0.000005
0.000005
0.000005
0.000005
0.000005
0.000005
0.000005
0.000005
0.000005
0.000005
0.000005
0.000005
0.000005
0.000005
0.000005
0.000005
0.000005
0.000005
0.000005
0.000005
0.000005
0.000005
0.000005
0.000005
0.000005
0.000005
0.000005
0.000005
0.000005
0.000005
0.000005
0.000005
0.000005
0.000005
0.000005
0.000005
0.000005
0.000005
0.000005
0.000005
0.000005
0.000005
0.000005
0.000005
0.000005
0.000005
0.000005
0.000005
0.000005
0.000005
0.000005
0.000005
0.000005
0.000005
0.000005
0.000005
0.000005
0.000005
0.000005
0.000005
0.000005
0.000005
0.000005
0.000005
0.000005
0.000005
0.000005
0.000005
0.000005
0.000005
0.000005
0.000005
0.000005
0.000005
0.000005
0.000005
0.000005
0.000005
0.000005
0.000005
0.000005
0.000005
0.000005
0.000005
0.000005
0.000005
0.000005
0.000005
0.000005
0.000005
0.000005
0.000005
0.000005
0.000005
0.000005
0.000005
0.000005
0.000005
0.000005
0.000005
0.000005
0.000005
0.000005
0.000005
0.000005
0.000005
0.000005
0.000005
0.000005
0.000005
0.000005
0.000005
0.000005
0.000005
0.000005
0.000005
0.000005
0.000005
0.000005
0.000005
0.000005
0.000005
0.000005
0.000005
0.000005
0.000005
0.000005
0.000005
0.000005
0.000005
0.000005
0.000005
0.000005
0.000005
0.000005
0.000005
0.000005
0.000005
0.000005
0.000005
0.000005
0.000005
0.000005
0.000005
0.000005
0.000005
0.000005
0.000005
0.000005
0.000005
0.000005
0.000005
0.000005
0.000005
0.000005
0.000005
0.000005
0.000005
0.000005
0.000005
0.000005
0.000005
0.000005
0.000005
0.000005
0.000005
0.000005
0.000005
0.000005
0.000005
0.000005
0.000005
0.000005
0.000005
0.000005
0.000005
0.000005
0.000005
0.000005
0.000005
0.000005
0.000005
0.000005
0.000005
0.000005
0.000005
0.000005
0.000005
0.000005
0.000005
0.000005
0.000005
0.000005
0.000005
0.000005
0.000005
0.000005
0.000005
0.000005
0.000005
0.000005
0.000005
0.000005
0.000005
0.000005
0.000005
0.000005
0.000005
0.000005
0.000005
0.000005
0.000005
0.000005
0.000005
0.000005
0.000005
0.000005
0.000005
0.000005
0.000005
0.000005
0.000005
0.000005
0.000005
0.000005
0.000005
0.000005
0.000005
0.000005
0.000005
0.000005
0.000005
0.000005
0.000005
0.000005
0.000005
0.000005
0.000005
0.000005
0.000005
0.000005
0.000005
0.000005
0.000005
0.000005
0.000005
0.000005
0.000005
0.000005
0.000005
0.000005
0.000005
0.000005
0.000005
0.000005
0.000005
0.000005
0.000005
0.000005
0.000005
0.000005
0.000005
0.000005
0.000005
0.000005
0.000005
0.000005
0.000005
0.000005
0.000005
0.000005
0.000005
0.000005
0.000005
0.000005
0.000005
0.000004
0.000004
0.000004
0.000004
0.000004
0.000004
0.000004
0.000004
0.000004
0.000004
0.000004
0.000004
0.000004
0.000004
0.000004
0.000004
0.000004
0.000004
0.000004
0.000004
0.000004
0.000004
0.000004
0.000004
0.000004
0.000004
0.000004
0.000004
0.000004
0.000004
0.000004
0.000004
0.000004
0.000004
0.000004
0.000004
0.000004
0.000004
0.000004
0.000004
0.000004
0.000004
0.000004
0.000004
0.000004
0.000004
0.000004
0.000004
0.000004
0.000004
0.000004
0.000004
0.000004
0.000004
0.000004
0.000004
0.000004
0.000004
0.000004
0.000004
0.000004
0.000004
0.000004
0.000004
0.000004
0.000004
0.000004
0.000004
0.000004
0.000004
0.000004
0.000004
0.000004
0.000004
0.000004
0.000004
0.000004
0.000004
0.000004
0.000004
0.000004
0.000004
0.000004
0.000004
0.000004
0.000004
0.000004
0.000004
0.000004
0.000004
0.000004
0.000004
0.000004
0.000004
0.000004
0.000004
0.000004
0.000004
0.000004
0.000004
0.000004
0.000004
0.000004
0.000004
0.000004
0.000004
0.000004
0.000004
0.000004
0.000004
0.000004
0.000004
0.000004
0.000004
0.000004
0.000004
0.000004
0.000004
0.000004
0.000004
0.000004
0.000004
0.000004
0.000004
0.000004
0.000004
0.000004
0.000004
0.000004
0.000004
0.000004
0.000004
0.000004
0.000004
0.000004
0.000004
0.000004
0.000004
0.000004
0.000004
0.000004
0.000004
0.000004
0.000004
0.000004
0.000004
0.000004
0.000004
0.000004
0.000004
0.000004
0.000004
0.000004
0.000004
0.000004
0.000004
0.000004
0.000004
0.000004
0.000004
0.000004
0.000004
0.000004
0.000004
0.000004
0.000004
0.000004
0.000004
0.000004
0.000004
0.000004
0.000004
0.000004
0.000004
0.000004
0.000004
0.000004
0.000004
0.000004
0.000004
0.000004
0.000004
0.000004
0.000004
0.000004
0.000004
0.000004
0.000004
0.000004
0.000004
0.000004
0.000004
0.000004
0.000004
0.000004
0.000004
0.000004
0.000004
0.000004
0.000004
0.000004
0.000004
0.000004
0.000004
0.000004
0.000004
0.000004
0.000004
0.000004
0.000004
0.000003
0.000003
0.000003
0.000003
0.000003
0.000003
0.000003
0.000003
0.000003
0.000003
0.000003
0.000003
0.000003
0.000003
0.000003
0.000003
0.000003
0.000003
0.000003
0.000003
0.000003
0.000003
0.000003
0.000003
0.000003
0.000003
0.000003
0.000003
0.000003
0.000003
0.000003
0.000003
0.000003
0.000003
0.000003
0.000003
0.000003
0.000003
0.000003
0.000003
0.000003
0.000003
0.000003
0.000003
0.000003
0.000003
0.000003
0.000003
0.000003
0.000003
0.000003
0.000003
0.000003
0.000003
0.000003
0.000003
0.000003
0.000003
0.000003
0.000003
0.000003
0.000003
0.000003
0.000003
0.000003
0.000003
0.000003
0.000003
0.000003
0.000003
0.000003
0.000003
0.000003
0.000003
0.000003
0.000003
0.000003
0.000003
0.000003
0.000003
0.000003
0.000003
0.000003
0.000003
0.000003
0.000003
0.000003
0.000003
0.000003
0.000003
0.000003
0.000003
0.000003
0.000003
0.000003
0.000003
0.000003
0.000003
0.000003
0.000003
0.000003
0.000003
0.000003
0.000003
0.000003
0.000003
0.000003
0.000003
0.000003
0.000003
0.000003
0.000003
0.000003
0.000003
0.000003
0.000003
0.000003
0.000003
0.000003
0.000003
0.000003
0.000003
0.000003
0.000003
0.000003
0.000003
0.000003
0.000003
0.000003
0.000003
0.000003
0.000003
0.000003
0.000003
0.000003
0.000003
0.000003
0.000003
0.000003
0.000003
0.000003
0.000003
0.000003
0.000003
0.000003
0.000003
0.000003
0.000003
0.000003
0.000003
0.000003
0.000003
0.000003
0.000003
0.000003
0.000003
0.000003
0.000003
0.000003
0.000003
0.000003
0.000003
0.000003
0.000003
0.000002
0.000002
0.000002
0.000002
0.000002
0.000002
0.000002
0.000002
0.000002
0.000002
0.000002
0.000002
0.000002
0.000002
0.000002
0.000002
0.000002
0.000002
0.000002
0.000002
0.000002
0.000002
0.000002
0.000002
0.000002
0.000002
0.000002
0.000002
0.000002
0.000002
0.000002
0.000002
0.000002
0.000002
0.000002
0.000002
0.000002
0.000002
0.000002
0.000002
0.000002
0.000002
0.000002
0.000002
0.000002
0.000002
0.000002
0.000002
0.000002
0.000002
0.000002
0.000002
0.000002
0.000002
0.000002
0.000002
0.000002
0.000002
0.000002
0.000002
0.000002
0.000002
0.000002
0.000002
0.000002
0.000002
0.000002
0.000002
0.000002
0.000002
0.000002
0.000002
0.000002
0.000002
0.000002
0.000002
0.000002
0.000002
0.000002
0.000002
0.000002
0.000002
0.000002
0.000002
0.000002
0.000002
0.000002
0.000002
0.000002
0.000002
0.000002
0.000002
0.000002
0.000002
0.000002
0.000002
0.000002
0.000002
0.000002
0.000002
0.000002
0.000002
0.000002
0.000002
0.000002
0.000002
0.000002
0.000002
0.000002
0.000002
0.000002
0.000002
0.000002
0.000002
0.000002
0.000002
0.000002
0.000002
0.000002
0.000002
0.000002
0.000002
0.000002
0.000002
0.000002
0.000002
0.000002
0.000002
0.000002
0.000002
0.000002
