0.000144
-0.000362
-0.000869
-0.001375
-0.001882
-0.002388
-0.002894
-0.003400
-0.003906
-0.004411
-0.004917
-0.005422
-0.005927
-0.006432
-0.006937
-0.007441
-0.007946
-0.008450
-0.008954
-0.009458
-0.009961
-0.010465
-0.010968
-0.011471
-0.011973
-0.012476
-0.012978
-0.013480
-0.013982
-0.014483
-0.014984
-0.015485
-0.015986
-0.016486
-0.016986
-0.017486
-0.017986
-0.018485
-0.018984
-0.019482
-0.019981
-0.020479
-0.020976
-0.021474
-0.021971
-0.022467
-0.022964
-0.023460
-0.023955
-0.024451
-0.024946
-0.025440
-0.025934
-0.026428
-0.026922
-0.027415
-0.027908
-0.028400
-0.028892
-0.029383
-0.029874
-0.030365
-0.030856
-0.031345
-0.031835
-0.032324
-0.032813
-0.033301
-0.033789
-0.034276
-0.034763
-0.035249
-0.035735
-0.036221
-0.036706
-0.037191
-0.037675
-0.038158
-0.038642
-0.039124
-0.039607
-0.040088
-0.040570
-0.041050
-0.041531
-0.042010
-0.042490
-0.042968
-0.043447
-0.043924
-0.044401
-0.044878
-0.045354
-0.045830
-0.046305
-0.046779
-0.047253
-0.047727
-0.048200
-0.048672
-0.049144
-0.049615
-0.050086
-0.050556
-0.051025
-0.051494
-0.051962
-0.052430
-0.052897
-0.053364
-0.053830
-0.054295
-0.054760
-0.055224
-0.055688
-0.056151
-0.056613
-0.057075
-0.057536
-0.057996
-0.058456
-0.058916
-0.059374
-0.059832
-0.060289
-0.060746
-0.061202
-0.061657
-0.062112
-0.062566
-0.063020
-0.063472
-0.063924
-0.064376
-0.064827
-0.065277
-0.065726
-0.066175
-0.066623
-0.067070
-0.067517
-0.067963
-0.068408
-0.068852
-0.069296
-0.069739
-0.070182
-0.070624
-0.071065
-0.071505
-0.071945
-0.072383
-0.072822
-0.073259
-0.073696
-0.074132
-0.074567
-0.075001
-0.075435
-0.075868
-0.076300
-0.076732
-0.077163
-0.077593
-0.078022
-0.078450
-0.078878
-0.079305
-0.079731
-0.080157
-0.080582
-0.081005
-0.081429
-0.081851
-0.082273
-0.082693
-0.083113
-0.083533
-0.083951
-0.084369
-0.084785
-0.085202
-0.085617
-0.086031
-0.086445
-0.086858
-0.087270
-0.087681
-0.088091
-0.088501
-0.088910
-0.089318
-0.089725
-0.090131
-0.090537
-0.090941
-0.091345
-0.091748
-0.092150
-0.092552
-0.092952
-0.093352
-0.093751
-0.094149
-0.094546
-0.094942
-0.095338
-0.095732
-0.096126
-0.096519
-0.096911
-0.097302
-0.097692
-0.098082
-0.098470
-0.098858
-0.099245
-0.099631
-0.100016
-0.100400
-0.100784
-0.101166
-0.101548
-0.101929
-0.102308
-0.102687
-0.103065
-0.103443
-0.103819
-0.104194
-0.104569
-0.104943
-0.105315
-0.105687
-0.106058
-0.106428
-0.106797
-0.107166
-0.107533
-0.107899
-0.108265
-0.108629
-0.108993
-0.109356
-0.109718
-0.110079
-0.110439
-0.110798
-0.111156
-0.111514
-0.111870
-0.112225
-0.112580
-0.112934
-0.113286
-0.113638
-0.113989
-0.114339
-0.114688
-0.115036
-0.115383
-0.115729
-0.116074
-0.116419
-0.116762
-0.117104
-0.117446
-0.117786
-0.118126
-0.118465
-0.118802
-0.119139
-0.119475
-0.119810
-0.120144
-0.120477
-0.120809
-0.121140
-0.121470
-0.121799
-0.122127
-0.122455
-0.122781
-0.123106
-0.123431
-0.123754
-0.124076
-0.124398
-0.124718
-0.125038
-0.125356
-0.125674
-0.125991
-0.126306
-0.126621
-0.126935
-0.127248
-0.127559
-0.127870
-0.128180
-0.128489
-0.128797
-0.129104
-0.129410
-0.129715
-0.130019
-0.130322
-0.130624
-0.130925
-0.131225
-0.131524
-0.131822
-0.132120
-0.132416
-0.132711
-0.133005
-0.133298
-0.133591
-0.133882
-0.134172
-0.134461
-0.134750
-0.135037
-0.135323
-0.135608
-0.135893
-0.136176
-0.136459
-0.136740
-0.137020
-0.137300
-0.137578
-0.137855
-0.138132
-0.138407
-0.138682
-0.138955
-0.139227
-0.139499
-0.139769
-0.140039
-0.140307
-0.140575
-0.140841
-0.141107
-0.141371
-0.141634
-0.141897
-0.142158
-0.142419
-0.142678
-0.142937
-0.143194
-0.143451
-0.143706
-0.143961
-0.144214
-0.144467
-0.144718
-0.144968
-0.145218
-0.145466
-0.145714
-0.145960
-0.146206
-0.146450
-0.146694
-0.146936
-0.147178
-0.147418
-0.147657
-0.147896
-0.148133
-0.148370
-0.148605
-0.148840
-0.149073
-0.149305
-0.149537
-0.149767
-0.149997
-0.150225
-0.150453
-0.150679
-0.150904
-0.151129
-0.151352
-0.151575
-0.151796
-0.152016
-0.152236
-0.152454
-0.152671
-0.152888
-0.153103
-0.153318
-0.153531
-0.153743
-0.153955
-0.154165
-0.154375
-0.154583
-0.154790
-0.154997
-0.155202
-0.155406
-0.155610
-0.155812
-0.156014
-0.156214
-0.156413
-0.156612
-0.156809
-0.157005
-0.157201
-0.157395
-0.157589
-0.157781
-0.157972
-0.158163
-0.158352
-0.158541
-0.158728
-0.158914
-0.159100
-0.159284
-0.159468
-0.159650
-0.159832
-0.160012
-0.160192
-0.160370
-0.160548
-0.160724
-0.160900
-0.161074
-0.161248
-0.161420
-0.161592
-0.161762
-0.161932
-0.162100
-0.162268
-0.162435
-0.162600
-0.162765
-0.162929
-0.163091
-0.163253
-0.163414
-0.163573
-0.163732
-0.163890
-0.164047
-0.164202
-0.164357
-0.164511
-0.164664
-0.164816
-0.164967
-0.165117
-0.165266
-0.165414
-0.165561
-0.165707
-0.165852
-0.165996
-0.166139
-0.166281
-0.166422
-0.166562
-0.166701
-0.166840
-0.166977
-0.167113
-0.167249
-0.167383
-0.167516
-0.167649
-0.167780
-0.167911
-0.168040
-0.168169
-0.168297
-0.168423
-0.168549
-0.168674
-0.168798
-0.168920
-0.169042
-0.169163
-0.169283
-0.169402
-0.169520
-0.169637
-0.169754
-0.169869
-0.169983
-0.170096
-0.170209
-0.170320
-0.170431
-0.170540
-0.170649
-0.170756
-0.170863
-0.170969
-0.171073
-0.171177
-0.171280
-0.171382
-0.171483
-0.171583
-0.171682
-0.171781
-0.171878
-0.171974
-0.172070
-0.172164
-0.172258
-0.172350
-0.172442
-0.172533
-0.172623
-0.172712
-0.172800
-0.172887
-0.172973
-0.173058
-0.173142
-0.173226
-0.173308
-0.173390
-0.173470
-0.173550
-0.173629
-0.173707
-0.173784
-0.173860
-0.173935
-0.174009
-0.174083
-0.174155
-0.174227
-0.174297
-0.174367
-0.174436
-0.174504
-0.174571
-0.174637
-0.174702
-0.174766
-0.174830
-0.174892
-0.174954
-0.175014
-0.175074
-0.175133
-0.175191
-0.175248
-0.175305
-0.175360
-0.175414
-0.175468
-0.175521
-0.175573
-0.175624
-0.175674
-0.175723
-0.175771
-0.175819
-0.175865
-0.175911
-0.175956
-0.176000
-0.176043
-0.176085
-0.176126
-0.176167
-0.176206
-0.176245
-0.176283
-0.176320
-0.176356
-0.176391
-0.176426
-0.176459
-0.176492
-0.176524
-0.176555
-0.176585
-0.176615
-0.176643
-0.176671
-0.176697
-0.176723
-0.176748
-0.176773
-0.176796
-0.176819
-0.176840
-0.176861
-0.176881
-0.176900
-0.176919
-0.176936
-0.176953
-0.176969
-0.176984
-0.176998
-0.177011
-0.177024
-0.177036
-0.177047
-0.177057
-0.177066
-0.177074
-0.177082
-0.177089
-0.177095
-0.177100
-0.177104
-0.177108
-0.177111
-0.177112
-0.177114
-0.177114
-0.177113
-0.177112
-0.177110
-0.177107
-0.177104
-0.177099
-0.177094
-0.177088
-0.177081
-0.177073
-0.177065
-0.177056
-0.177045
-0.177035
-0.177023
-0.177011
-0.176998
-0.176984
-0.176969
-0.176953
-0.176937
-0.176920
-0.176902
-0.176884
-0.176864
-0.176844
-0.176823
-0.176802
-0.176779
-0.176756
-0.176732
-0.176707
-0.176682
-0.176656
-0.176629
-0.176601
-0.176572
-0.176543
-0.176513
-0.176482
-0.176451
-0.176419
-0.176386
-0.176352
-0.176317
-0.176282
-0.176246
-0.176210
-0.176172
-0.176134
-0.176095
-0.176055
-0.176015
-0.175974
-0.175932
-0.175890
-0.175846
-0.175802
-0.175758
-0.175712
-0.175666
-0.175619
-0.175572
-0.175523
-0.175474
-0.175425
-0.175374
-0.175323
-0.175271
-0.175219
-0.175166
-0.175112
-0.175057
-0.175002
-0.174946
-0.174889
-0.174832
-0.174773
-0.174715
-0.174655
-0.174595
-0.174534
-0.174473
-0.174410
-0.174347
-0.174284
-0.174220
-0.174155
-0.174089
-0.174023
-0.173956
-0.173888
-0.173820
-0.173751
-0.173681
-0.173611
-0.173540
-0.173468
-0.173396
-0.173323
-0.173249
-0.173175
-0.173100
-0.173025
-0.172949
-0.172872
-0.172794
-0.172716
-0.172637
-0.172558
-0.172478
-0.172397
-0.172316
-0.172234
-0.172151
-0.172068
-0.171984
-0.171899
-0.171814
-0.171728
-0.171642
-0.171555
-0.171467
-0.171379
-0.171290
-0.171201
-0.171111
-0.171020
-0.170928
-0.170836
-0.170744
-0.170651
-0.170557
-0.170463
-0.170368
-0.170272
-0.170176
-0.170079
-0.169982
-0.169884
-0.169785
-0.169686
-0.169586
-0.169486
-0.169385
-0.169283
-0.169181
-0.169079
-0.168975
-0.168872
-0.168767
-0.168662
-0.168557
-0.168450
-0.168344
-0.168236
-0.168129
-0.168020
-0.167911
-0.167802
-0.167692
-0.167581
-0.167470
-0.167358
-0.167246
-0.167133
-0.167019
-0.166905
-0.166791
-0.166676
-0.166560
-0.166444
-0.166327
-0.166210
-0.166092
-0.165974
-0.165855
-0.165736
-0.165616
-0.165495
-0.165374
-0.165253
-0.165131
-0.165008
-0.164885
-0.164761
-0.164637
-0.164513
-0.164387
-0.164262
-0.164136
-0.164009
-0.163882
-0.163754
-0.163626
-0.163497
-0.163368
-0.163238
-0.163108
-0.162977
-0.162846
-0.162714
-0.162582
-0.162449
-0.162316
-0.162182
-0.162048
-0.161913
-0.161778
-0.161643
-0.161507
-0.161370
-0.161233
-0.161095
-0.160957
-0.160819
-0.160680
-0.160541
-0.160401
-0.160260
-0.160119
-0.159978
-0.159836
-0.159694
-0.159552
-0.159408
-0.159265
-0.159121
-0.158976
-0.158831
-0.158686
-0.158540
-0.158394
-0.158247
-0.158100
-0.157952
-0.157804
-0.157656
-0.157507
-0.157358
-0.157208
-0.157058
-0.156907
-0.156756
-0.156604
-0.156452
-0.156300
-0.156147
-0.155994
-0.155841
-0.155687
-0.155532
-0.155377
-0.155222
-0.155066
-0.154910
-0.154754
-0.154597
-0.154440
-0.154282
-0.154124
-0.153965
-0.153806
-0.153647
-0.153487
-0.153327
-0.153167
-0.153006
-0.152845
-0.152683
-0.152521
-0.152359
-0.152196
-0.152033
-0.151869
-0.151705
-0.151541
-0.151376
-0.151211
-0.151046
-0.150880
-0.150714
-0.150547
-0.150380
-0.150213
-0.150046
-0.149878
-0.149709
-0.149541
-0.149372
-0.149202
-0.149032
-0.148862
-0.148692
-0.148521
-0.148350
-0.148179
-0.148007
-0.147835
-0.147662
-0.147489
-0.147316
-0.147143
-0.146969
-0.146795
-0.146620
-0.146445
-0.146270
-0.146095
-0.145919
-0.145743
-0.145566
-0.145389
-0.145212
-0.145035
-0.144857
-0.144679
-0.144501
-0.144322
-0.144143
-0.143964
-0.143784
-0.143604
-0.143424
-0.143244
-0.143063
-0.142882
-0.142700
-0.142519
-0.142337
-0.142154
-0.141972
-0.141789
-0.141606
-0.141422
-0.141239
-0.141055
-0.140870
-0.140686
-0.140501
-0.140316
-0.140131
-0.139945
-0.139759
-0.139573
-0.139386
-0.139200
-0.139013
-0.138825
-0.138638
-0.138450
-0.138262
-0.138074
-0.137885
-0.137696
-0.137507
-0.137318
-0.137128
-0.136938
-0.136748
-0.136558
-0.136367
-0.136176
-0.135985
-0.135794
-0.135603
-0.135411
-0.135219
-0.135026
-0.134834
-0.134641
-0.134448
-0.134255
-0.134062
-0.133868
-0.133674
-0.133480
-0.133286
-0.133091
-0.132896
-0.132701
-0.132506
-0.132311
-0.132115
-0.131919
-0.131723
-0.131527
-0.131330
-0.131134
-0.130937
-0.130740
-0.130542
-0.130345
-0.130147
-0.129949
-0.129751
-0.129553
-0.129355
-0.129156
-0.128957
-0.128758
-0.128559
-0.128359
-0.128160
-0.127960
-0.127760
-0.127560
-0.127359
-0.127159
-0.126958
-0.126757
-0.126556
-0.126355
-0.126154
-0.125952
-0.125750
-0.125548
-0.125346
-0.125144
-0.124942
-0.124739
-0.124536
-0.124334
-0.124130
-0.123927
-0.123724
-0.123520
-0.123317
-0.123113
-0.122909
-0.122705
-0.122501
-0.122296
-0.122092
-0.121887
-0.121682
-0.121477
-0.121272
-0.121067
-0.120861
-0.120656
-0.120450
-0.120244
-0.120039
-0.119832
-0.119626
-0.119420
-0.119214
-0.119007
-0.118800
-0.118594
-0.118387
-0.118180
-0.117972
-0.117765
-0.117558
-0.117350
-0.117143
-0.116935
-0.116727
-0.116519
-0.116311
-0.116103
-0.115895
-0.115686
-0.115478
-0.115269
-0.115060
-0.114852
-0.114643
-0.114434
-0.114225
-0.114016
-0.113806
-0.113597
-0.113387
-0.113178
-0.112968
-0.112759
-0.112549
-0.112339
-0.112129
-0.111919
-0.111709
-0.111499
-0.111288
-0.111078
-0.110868
-0.110657
-0.110447
-0.110236
-0.110025
-0.109814
-0.109604
-0.109393
-0.109182
-0.108971
-0.108760
-0.108548
-0.108337
-0.108126
-0.107915
-0.107703
-0.107492
-0.107280
-0.107069
-0.106857
-0.106645
-0.106434
-0.106222
-0.106010
-0.105798
-0.105586
-0.105374
-0.105162
-0.104950
-0.104738
-0.104526
-0.104314
-0.104102
-0.103889
-0.103677
-0.103465
-0.103253
-0.103040
-0.102828
-0.102615
-0.102403
-0.102191
-0.101978
-0.101766
-0.101553
-0.101340
-0.101128
-0.100915
-0.100703
-0.100490
-0.100277
-0.100065
-0.099852
-0.099639
-0.099427
-0.099214
-0.099001
-0.098788
-0.098576
-0.098363
-0.098150
-0.097937
-0.097725
-0.097512
-0.097299
-0.097086
-0.096874
-0.096661
-0.096448
-0.096235
-0.096023
-0.095810
-0.095597
-0.095385
-0.095172
-0.094959
-0.094746
-0.094534
-0.094321
-0.094108
-0.093896
-0.093683
-0.093471
-0.093258
-0.093046
-0.092833
-0.092621
-0.092408
-0.092196
-0.091983
-0.091771
-0.091558
-0.091346
-0.091134
-0.090921
-0.090709
-0.090497
-0.090285
-0.090073
-0.089861
-0.089649
-0.089436
-0.089224
-0.089013
-0.088801
-0.088589
-0.088377
-0.088165
-0.087953
-0.087742
-0.087530
-0.087318
-0.087107
-0.086895
-0.086684
-0.086473
-0.086261
-0.086050
-0.085839
-0.085628
-0.085416
-0.085205
-0.084994
-0.084783
-0.084573
-0.084362
-0.084151
-0.083940
-0.083730
-0.083519
-0.083309
-0.083098
-0.082888
-0.082678
-0.082467
-0.082257
-0.082047
-0.081837
-0.081627
-0.081417
-0.081208
-0.080998
-0.080788
-0.080579
-0.080369
-0.080160
-0.079951
-0.079741
-0.079532
-0.079323
-0.079114
-0.078905
-0.078697
-0.078488
-0.078279
-0.078071
-0.077862
-0.077654
-0.077446
-0.077237
-0.077029
-0.076821
-0.076614
-0.076406
-0.076198
-0.075990
-0.075783
-0.075576
-0.075368
-0.075161
-0.074954
-0.074747
-0.074540
-0.074333
-0.074127
-0.073920
-0.073714
-0.073507
-0.073301
-0.073095
-0.072889
-0.072683
-0.072477
-0.072272
-0.072066
-0.071861
-0.071655
-0.071450
-0.071245
-0.071040
-0.070835
-0.070630
-0.070426
-0.070221
-0.070017
-0.069813
-0.069608
-0.069404
-0.069201
-0.068997
-0.068793
-0.068590
-0.068386
-0.068183
-0.067980
-0.067777
-0.067574
-0.067371
-0.067169
-0.066966
-0.066764
-0.066562
-0.066360
-0.066158
-0.065956
-0.065754
-0.065553
-0.065351
-0.065150
-0.064949
-0.064748
-0.064547
-0.064347
-0.064146
-0.063946
-0.063746
-0.063546
-0.063346
-0.063146
-0.062946
-0.062747
-0.062547
-0.062348
-0.062149
-0.061950
-0.061752
-0.061553
-0.061355
-0.061156
-0.060958
-0.060760
-0.060562
-0.060365
-0.060167
-0.059970
-0.059773
-0.059576
-0.059379
-0.059182
-0.058986
-0.058789
-0.058593
-0.058397
-0.058201
-0.058006
-0.057810
-0.057615
-0.057419
-0.057224
-0.057030
-0.056835
-0.056640
-0.056446
-0.056252
-0.056058
-0.055864
-0.055670
-0.055477
-0.055283
-0.055090
-0.054897
-0.054704
-0.054512
-0.054319
-0.054127
-0.053935
-0.053743
-0.053551
-0.053360
-0.053168
-0.052977
-0.052786
-0.052595
-0.052405
-0.052214
-0.052024
-0.051834
-0.051644
-0.051454
-0.051265
-0.051075
-0.050886
-0.050697
-0.050509
-0.050320
-0.050132
-0.049943
-0.049755
-0.049568
-0.049380
-0.049192
-0.049005
-0.048818
-0.048631
-0.048445
-0.048258
-0.048072
-0.047886
-0.047700
-0.047514
-0.047329
-0.047143
-0.046958
-0.046773
-0.046589
-0.046404
-0.046220
-0.046036
-0.045852
-0.045668
-0.045485
-0.045302
-0.045118
-0.044936
-0.044753
-0.044571
-0.044388
-0.044206
-0.044024
-0.043843
-0.043661
-0.043480
-0.043299
-0.043118
-0.042938
-0.042757
-0.042577
-0.042397
-0.042218
-0.042038
-0.041859
-0.041680
-0.041501
-0.041322
-0.041144
-0.040965
-0.040787
-0.040609
-0.040432
-0.040255
-0.040077
-0.039900
-0.039724
-0.039547
-0.039371
-0.039195
-0.039019
-0.038843
-0.038668
-0.038493
-0.038318
-0.038143
-0.037969
-0.037794
-0.037620
-0.037446
-0.037273
-0.037099
-0.036926
-0.036753
-0.036580
-0.036408
-0.036236
-0.036064
-0.035892
-0.035720
-0.035549
-0.035378
-0.035207
-0.035036
-0.034866
-0.034695
-0.034525
-0.034356
-0.034186
-0.034017
-0.033848
-0.033679
-0.033510
-0.033342
-0.033174
-0.033006
-0.032838
-0.032671
-0.032504
-0.032337
-0.032170
-0.032003
-0.031837
-0.031671
-0.031505
-0.031340
-0.031175
-0.031009
-0.030845
-0.030680
-0.030516
-0.030352
-0.030188
-0.030024
-0.029861
-0.029697
-0.029535
-0.029372
-0.029209
-0.029047
-0.028885
-0.028724
-0.028562
-0.028401
-0.028240
-0.028079
-0.027919
-0.027758
-0.027598
-0.027439
-0.027279
-0.027120
-0.026961
-0.026802
-0.026643
-0.026485
-0.026327
-0.026169
-0.026012
-0.025854
-0.025697
-0.025540
-0.025384
-0.025228
-0.025071
-0.024916
-0.024760
-0.024605
-0.024450
-0.024295
-0.024140
-0.023986
-0.023832
-0.023678
-0.023524
-0.023371
-0.023218
-0.023065
-0.022913
-0.022760
-0.022608
-0.022456
-0.022305
-0.022154
-0.022002
-0.021852
-0.021701
-0.021551
-0.021401
-0.021251
-0.021101
-0.020952
-0.020803
-0.020654
-0.020506
-0.020358
-0.020210
-0.020062
-0.019914
-0.019767
-0.019620
-0.019473
-0.019327
-0.019181
-0.019035
-0.018889
-0.018744
-0.018598
-0.018453
-0.018309
-0.018164
-0.018020
-0.017876
-0.017733
-0.017589
-0.017446
-0.017303
-0.017161
-0.017018
-0.016876
-0.016734
-0.016593
-0.016452
-0.016311
-0.016170
-0.016029
-0.015889
-0.015749
-0.015609
-0.015470
-0.015331
-0.015192
-0.015053
-0.014914
-0.014776
-0.014638
-0.014501
-0.014363
-0.014226
-0.014089
-0.013953
-0.013816
-0.013680
-0.013545
-0.013409
-0.013274
-0.013139
-0.013004
-0.012869
-0.012735
-0.012601
-0.012467
-0.012334
-0.012201
-0.012068
-0.011935
-0.011803
-0.011671
-0.011539
-0.011407
-0.011276
-0.011145
-0.011014
-0.010884
-0.010753
-0.010623
-0.010494
-0.010364
-0.010235
-0.010106
-0.009977
-0.009849
-0.009721
-0.009593
-0.009465
-0.009338
-0.009211
-0.009084
-0.008957
-0.008831
-0.008705
-0.008579
-0.008454
-0.008328
-0.008203
-0.008079
-0.007954
-0.007830
-0.007706
-0.007583
-0.007459
-0.007336
-0.007213
-0.007091
-0.006968
-0.006846
-0.006725
-0.006603
-0.006482
-0.006361
-0.006240
-0.006120
-0.006000
-0.005880
-0.005760
-0.005641
-0.005522
-0.005403
-0.005284
-0.005166
-0.005048
-0.004930
-0.004812
-0.004695
-0.004578
-0.004462
-0.004345
-0.004229
-0.004113
-0.003997
-0.003882
-0.003767
-0.003652
-0.003537
-0.003423
-0.003309
-0.003195
-0.003082
-0.002969
-0.002856
-0.002743
-0.002630
-0.002518
-0.002406
-0.002295
-0.002183
-0.002072
-0.001961
-0.001851
-0.001740
-0.001630
-0.001521
-0.001411
-0.001302
-0.001193
-0.001084
-0.000976
-0.000868
-0.000760
-0.000652
-0.000545
-0.000437
-0.000331
-0.000224
-0.000118
-0.000012
0.000094
0.000200
0.000305
0.000410
0.000515
0.000619
0.000723
0.000827
0.000931
0.001034
0.001138
0.001240
0.001343
0.001445
0.001548
0.001649
0.001751
0.001852
0.001953
0.002054
0.002154
0.002255
0.002355
0.002454
0.002554
0.002653
0.002752
0.002851
0.002949
0.003047
0.003145
0.003243
0.003340
0.003437
0.003534
0.003630
0.003727
0.003823
0.003918
0.004014
0.004109
0.004204
0.004299
0.004393
0.004487
0.004581
0.004675
0.004768
0.004862
0.004954
0.005047
0.005139
0.005232
0.005323
0.005415
0.005506
0.005597
0.005688
0.005779
0.005869
0.005959
0.006049
0.006138
0.006227
0.006316
0.006405
0.006494
0.006582
0.006670
0.006757
0.006845
0.006932
0.007019
0.007106
0.007192
0.007278
0.007364
0.007450
0.007535
0.007620
0.007705
0.007790
0.007874
0.007958
0.008042
0.008125
0.008209
0.008292
0.008375
0.008457
0.008539
0.008621
0.008703
0.008785
0.008866
0.008947
0.009028
0.009108
0.009188
0.009268
0.009348
0.009428
0.009507
0.009586
0.009665
0.009743
0.009821
0.009899
0.009977
0.010054
0.010132
0.010209
0.010285
0.010362
0.010438
0.010514
0.010590
0.010665
0.010740
0.010815
0.010890
0.010964
0.011039
0.011113
0.011186
0.011260
0.011333
0.011406
0.011479
0.011551
0.011623
0.011695
0.011767
0.011838
0.011910
0.011981
0.012051
0.012122
0.012192
0.012262
0.012332
0.012401
0.012471
0.012540
0.012608
0.012677
0.012745
0.012813
0.012881
0.012948
0.013016
0.013083
0.013150
0.013216
0.013282
0.013349
0.013414
0.013480
0.013545
0.013610
0.013675
0.013740
0.013804
0.013868
0.013932
0.013996
0.014059
0.014123
0.014185
0.014248
0.014311
0.014373
0.014435
0.014497
0.014558
0.014619
0.014680
0.014741
0.014802
0.014862
0.014922
0.014982
0.015041
0.015101
0.015160
0.015219
0.015278
0.015336
0.015394
0.015452
0.015510
0.015567
0.015625
0.015682
0.015738
0.015795
0.015851
0.015907
0.015963
0.016019
0.016074
0.016129
0.016184
0.016239
0.016293
0.016348
0.016402
0.016455
0.016509
0.016562
0.016615
0.016668
0.016721
0.016773
0.016825
0.016877
0.016929
0.016980
0.017032
0.017083
0.017133
0.017184
0.017234
0.017284
0.017334
0.017384
0.017433
0.017483
0.017532
0.017580
0.017629
0.017677
0.017725
0.017773
0.017821
0.017868
0.017915
0.017962
0.018009
0.018056
0.018102
0.018148
0.018194
0.018239
0.018285
0.018330
0.018375
0.018420
0.018464
0.018509
0.018553
0.018597
0.018640
0.018684
0.018727
0.018770
0.018813
0.018856
0.018898
0.018940
0.018982
0.019024
0.019065
0.019106
0.019148
0.019188
0.019229
0.019270
0.019310
0.019350
0.019390
0.019429
0.019468
0.019508
0.019547
0.019585
0.019624
0.019662
0.019700
0.019738
0.019776
0.019813
0.019851
0.019888
0.019924
0.019961
0.019998
0.020034
0.020070
0.020106
0.020141
0.020177
0.020212
0.020247
0.020282
0.020316
0.020350
0.020385
0.020419
0.020452
0.020486
0.020519
0.020552
0.020585
0.020618
0.020651
0.020683
0.020715
0.020747
0.020779
0.020810
0.020842
0.020873
0.020904
0.020934
0.020965
0.020995
0.021025
0.021055
0.021085
0.021114
0.021144
0.021173
0.021202
0.021231
0.021259
0.021288
0.021316
0.021344
0.021371
0.021399
0.021426
0.021454
0.021481
0.021507
0.021534
0.021560
0.021587
0.021613
0.021639
0.021664
0.021690
0.021715
0.021740
0.021765
0.021790
0.021814
0.021838
0.021863
0.021887
0.021910
0.021934
0.021957
0.021980
0.022003
0.022026
0.022049
0.022071
0.022094
0.022116
0.022138
0.022159
0.022181
0.022202
0.022223
0.022244
0.022265
0.022286
0.022306
0.022326
0.022346
0.022366
0.022386
0.022406
0.022425
0.022444
0.022463
0.022482
0.022500
0.022519
0.022537
0.022555
0.022573
0.022591
0.022609
0.022626
0.022643
0.022660
0.022677
0.022694
0.022710
0.022727
0.022743
0.022759
0.022774
0.022790
0.022806
0.022821
0.022836
0.022851
0.022866
0.022880
0.022895
0.022909
0.022923
0.022937
0.022951
0.022964
0.022978
0.022991
0.023004
0.023017
0.023030
0.023042
0.023055
0.023067
0.023079
0.023091
0.023103
0.023114
0.023126
0.023137
0.023148
0.023159
0.023170
0.023180
0.023191
0.023201
0.023211
0.023221
0.023231
0.023241
0.023250
0.023259
0.023269
0.023278
0.023286
0.023295
0.023304
0.023312
0.023320
0.023328
0.023336
0.023344
0.023351
0.023359
0.023366
0.023373
0.023380
0.023387
0.023394
0.023400
0.023406
0.023413
0.023419
0.023424
0.023430
0.023436
0.023441
0.023446
0.023452
0.023457
0.023461
0.023466
0.023471
0.023475
0.023479
0.023483
0.023487
0.023491
0.023494
0.023498
0.023501
0.023504
0.023507
0.023510
0.023513
0.023516
0.023518
0.023520
0.023523
0.023525
0.023527
0.023528
0.023530
0.023531
0.023533
0.023534
0.023535
0.023536
0.023536
0.023537
0.023537
0.023538
0.023538
0.023538
0.023538
0.023538
0.023537
0.023537
0.023536
0.023535
0.023534
0.023533
0.023532
0.023531
0.023529
0.023528
0.023526
0.023524
0.023522
0.023520
0.023518
0.023515
0.023513
0.023510
0.023507
0.023504
0.023501
0.023498
0.023495
0.023491
0.023488
0.023484
0.023480
0.023476
0.023472
0.023468
0.023464
0.023459
0.023454
0.023450
0.023445
0.023440
0.023435
0.023429
0.023424
0.023419
0.023413
0.023407
0.023401
0.023395
0.023389
0.023383
0.023377
0.023370
0.023364
0.023357
0.023350
0.023343
0.023336
0.023329
0.023321
0.023314
0.023306
0.023299
0.023291
0.023283
0.023275
0.023267
0.023259
0.023250
0.023242
0.023233
0.023224
0.023215
0.023207
0.023197
0.023188
0.023179
0.023169
0.023160
0.023150
0.023141
0.023131
0.023121
0.023111
0.023100
0.023090
0.023080
0.023069
0.023058
0.023048
0.023037
0.023026
0.023015
0.023003
0.022992
0.022981
0.022969
0.022958
0.022946
0.022934
0.022922
0.022910
0.022898
0.022886
0.022873
0.022861
0.022848
0.022835
0.022823
0.022810
0.022797
0.022784
0.022771
0.022757
0.022744
0.022730
0.022717
0.022703
0.022689
0.022675
0.022661
0.022647
0.022633
0.022619
0.022604
0.022590
0.022575
0.022560
0.022546
0.022531
0.022516
0.022501
0.022486
0.022470
0.022455
0.022439
0.022424
0.022408
0.022393
0.022377
0.022361
0.022345
0.022329
0.022312
0.022296
0.022280
0.022263
0.022247
0.022230
0.022213
0.022196
0.022180
0.022163
0.022145
0.022128
0.022111
0.022094
0.022076
0.022059
0.022041
0.022023
0.022005
0.021987
0.021969
0.021951
0.021933
0.021915
0.021897
0.021878
0.021860
0.021841
0.021823
0.021804
0.021785
0.021766
0.021747
0.021728
0.021709
0.021690
0.021670
0.021651
0.021631
0.021612
0.021592
0.021573
0.021553
0.021533
0.021513
0.021493
0.021473
0.021453
0.021432
0.021412
0.021392
0.021371
0.021351
0.021330
0.021309
0.021288
0.021268
0.021247
0.021226
0.021205
0.021183
0.021162
0.021141
0.021119
0.021098
0.021077
0.021055
0.021033
0.021012
0.020990
0.020968
0.020946
0.020924
0.020902
0.020880
0.020857
0.020835
0.020813
0.020790
0.020768
0.020745
0.020723
0.020700
0.020677
0.020654
0.020631
0.020608
0.020585
0.020562
0.020539
0.020516
0.020493
0.020469
0.020446
0.020422
0.020399
0.020375
0.020352
0.020328
0.020304
0.020280
0.020256
0.020232
0.020208
0.020184
0.020160
0.020136
0.020112
0.020087
0.020063
0.020038
0.020014
0.019989
0.019965
0.019940
0.019915
0.019890
0.019866
0.019841
0.019816
0.019791
0.019766
0.019740
0.019715
0.019690
0.019665
0.019639
0.019614
0.019588
0.019563
0.019537
0.019512
0.019486
0.019460
0.019435
0.019409
0.019383
0.019357
0.019331
0.019305
0.019279
0.019253
0.019226
0.019200
0.019174
0.019148
0.019121
0.019095
0.019068
0.019042
0.019015
0.018989
0.018962
0.018935
0.018908
0.018882
0.018855
0.018828
0.018801
0.018774
0.018747
0.018720
0.018693
0.018666
0.018638
0.018611
0.018584
0.018556
0.018529
0.018502
0.018474
0.018447
0.018419
0.018391
0.018364
0.018336
0.018308
0.018281
0.018253
0.018225
0.018197
0.018169
0.018141
0.018113
0.018085
0.018057
0.018029
0.018001
0.017973
0.017945
0.017916
0.017888
0.017860
0.017831
0.017803
0.017774
0.017746
0.017717
0.017689
0.017660
0.017632
0.017603
0.017574
0.017546
0.017517
0.017488
0.017459
0.017430
0.017401
0.017373
0.017344
0.017315
0.017286
0.017257
0.017228
0.017198
0.017169
0.017140
0.017111
0.017082
0.017052
0.017023
0.016994
0.016964
0.016935
0.016906
0.016876
0.016847
0.016817
0.016788
0.016758
0.016729
0.016699
0.016669
0.016640
0.016610
0.016580
0.016551
0.016521
0.016491
0.016461
0.016432
0.016402
0.016372
0.016342
0.016312
0.016282
0.016252
0.016222
0.016192
0.016162
0.016132
0.016102
0.016072
0.016042
0.016012
0.015981
0.015951
0.015921
0.015891
0.015861
0.015830
0.015800
0.015770
0.015739
0.015709
0.015679
0.015648
0.015618
0.015587
0.015557
0.015527
0.015496
0.015466
0.015435
0.015405
0.015374
0.015344
0.015313
0.015282
0.015252
0.015221
0.015190
0.015160
0.015129
0.015098
0.015068
0.015037
0.015006
0.014976
0.014945
0.014914
0.014883
0.014853
0.014822
0.014791
0.014760
0.014729
0.014698
0.014668
0.014637
0.014606
0.014575
0.014544
0.014513
0.014482
0.014451
0.014420
0.014389
0.014358
0.014327
0.014296
0.014265
0.014234
0.014203
0.014172
0.014141
0.014110
0.014079
0.014048
0.014017
0.013986
0.013955
0.013924
0.013893
0.013862
0.013830
0.013799
0.013768
0.013737
0.013706
0.013675
0.013644
0.013613
0.013581
0.013550
0.013519
0.013488
0.013457
0.013426
0.013394
0.013363
0.013332
0.013301
0.013270
0.013239
0.013207
0.013176
0.013145
0.013114
0.013083
0.013051
0.013020
0.012989
0.012958
0.012927
0.012895
0.012864
0.012833
0.012802
0.012770
0.012739
0.012708
0.012677
0.012646
0.012614
0.012583
0.012552
0.012521
0.012490
0.012458
0.012427
0.012396
0.012365
0.012334
0.012303
0.012271
0.012240
0.012209
0.012178
0.012147
0.012116
0.012084
0.012053
0.012022
0.011991
0.011960
0.011929
0.011898
0.011866
0.011835
0.011804
0.011773
0.011742
0.011711
0.011680
0.011649
0.011618
0.011587
0.011555
0.011524
0.011493
0.011462
0.011431
0.011400
0.011369
0.011338
0.011307
0.011276
0.011245
0.011214
0.011183
0.011152
0.011121
0.011090
0.011060
0.011029
0.010998
0.010967
0.010936
0.010905
0.010874
0.010843
0.010812
0.010782
0.010751
0.010720
0.010689
0.010658
0.010628
0.010597
0.010566
0.010535
0.010505
0.010474
0.010443
0.010412
0.010382
0.010351
0.010320
0.010290
0.010259
0.010229
0.010198
0.010167
0.010137
0.010106
0.010076
0.010045
0.010015
0.009984
0.009954
0.009923
0.009893
0.009862
0.009832
0.009801
0.009771
0.009741
0.009710
0.009680
0.009650
0.009619
0.009589
0.009559
0.009528
0.009498
0.009468
0.009438
0.009407
0.009377
0.009347
0.009317
0.009287
0.009257
0.009227
0.009197
0.009167
0.009137
0.009106
0.009076
0.009047
0.009017
0.008987
0.008957
0.008927
0.008897
0.008867
0.008837
0.008807
0.008778
0.008748
0.008718
0.008688
0.008659
0.008629
0.008599
0.008570
0.008540
0.008510
0.008481
0.008451
0.008422
0.008392
0.008362
0.008333
0.008304
0.008274
0.008245
0.008215
0.008186
0.008157
0.008127
0.008098
0.008069
0.008039
0.008010
0.007981
0.007952
0.007923
0.007893
0.007864
0.007835
0.007806
0.007777
0.007748
0.007719
0.007690
0.007661
0.007632
0.007603
0.007574
0.007546
0.007517
0.007488
0.007459
0.007430
0.007402
0.007373
0.007344
0.007316
0.007287
0.007258
0.007230
0.007201
0.007173
0.007144
0.007116
0.007087
0.007059
0.007031
0.007002
0.006974
0.006946
0.006917
0.006889
0.006861
0.006833
0.006804
0.006776
0.006748
0.006720
0.006692
0.006664
0.006636
0.006608
0.006580
0.006552
0.006524
0.006496
0.006469
0.006441
0.006413
0.006385
0.006358
0.006330
0.006302
0.006275
0.006247
0.006220
0.006192
0.006164
0.006137
0.006110
0.006082
0.006055
0.006027
0.006000
0.005973
0.005946
0.005918
0.005891
0.005864
0.005837
0.005810
0.005783
0.005756
0.005728
0.005702
0.005675
0.005648
0.005621
0.005594
0.005567
0.005540
0.005513
0.005487
0.005460
0.005433
0.005407
0.005380
0.005354
0.005327
0.005301
0.005274
0.005248
0.005221
0.005195
0.005168
0.005142
0.005116
0.005090
0.005063
0.005037
0.005011
0.004985
0.004959
0.004933
0.004907
0.004881
0.004855
0.004829
0.004803
0.004777
0.004751
0.004726
0.004700
0.004674
0.004649
0.004623
0.004597
0.004572
0.004546
0.004521
0.004495
0.004470
0.004444
0.004419
0.004394
0.004368
0.004343
0.004318
0.004293
0.004268
0.004242
0.004217
0.004192
0.004167
0.004142
0.004117
0.004092
0.004068
0.004043
0.004018
0.003993
0.003969
0.003944
0.003919
0.003895
0.003870
0.003845
0.003821
0.003796
0.003772
0.003748
0.003723
0.003699
0.003675
0.003650
0.003626
0.003602
0.003578
0.003554
0.003530
0.003506
0.003482
0.003458
0.003434
0.003410
0.003386
0.003362
0.003338
0.003315
0.003291
0.003267
0.003244
0.003220
0.003197
0.003173
0.003150
0.003126
0.003103
0.003079
0.003056
0.003033
0.003009
0.002986
0.002963
0.002940
0.002917
0.002894
0.002871
0.002848
0.002825
0.002802
0.002779
0.002756
0.002733
0.002711
0.002688
0.002665
0.002643
0.002620
0.002598
0.002575
0.002553
0.002530
0.002508
0.002485
0.002463
0.002441
0.002418
0.002396
0.002374
0.002352
0.002330
0.002308
0.002286
0.002264
0.002242
0.002220
0.002198
0.002176
0.002155
0.002133
0.002111
0.002089
0.002068
0.002046
0.002025
0.002003
0.001982
0.001960
0.001939
0.001918
0.001896
0.001875
0.001854
0.001833
0.001811
0.001790
0.001769
0.001748
0.001727
0.001706
0.001685
0.001665
0.001644
0.001623
0.001602
0.001582
0.001561
0.001540
0.001520
0.001499
0.001479
0.001458
0.001438
0.001417
0.001397
0.001377
0.001356
0.001336
0.001316
0.001296
0.001276
0.001256
0.001236
0.001216
0.001196
0.001176
0.001156
0.001136
0.001116
0.001097
0.001077
0.001057
0.001038
0.001018
0.000999
0.000979
0.000960
0.000940
0.000921
0.000902
0.000882
0.000863
0.000844
0.000825
0.000806
0.000787
0.000767
0.000748
0.000730
0.000711
0.000692
0.000673
0.000654
0.000635
0.000617
0.000598
0.000579
0.000561
0.000542
0.000524
0.000505
0.000487
0.000468
0.000450
0.000432
0.000413
0.000395
0.000377
0.000359
0.000341
0.000323
0.000305
0.000287
0.000269
0.000251
0.000233
0.000215
0.000198
0.000180
0.000162
0.000144
0.000127
0.000109
0.000092
0.000074
0.000057
0.000039
0.000022
0.000005
-0.000012
-0.000030
-0.000047
-0.000064
-0.000081
-0.000098
-0.000115
-0.000132
-0.000149
-0.000166
-0.000183
-0.000200
-0.000217
-0.000233
-0.000250
-0.000267
-0.000283
-0.000300
-0.000316
-0.000333
-0.000349
-0.000366
-0.000382
-0.000398
-0.000415
-0.000431
-0.000447
-0.000463
-0.000479
-0.000496
-0.000512
-0.000528
-0.000544
-0.000559
-0.000575
-0.000591
-0.000607
-0.000623
-0.000638
-0.000654
-0.000670
-0.000685
-0.000701
-0.000716
-0.000732
-0.000747
-0.000763
-0.000778
-0.000793
-0.000809
-0.000824
-0.000839
-0.000854
-0.000869
-0.000884
-0.000899
-0.000914
-0.000929
-0.000944
-0.000959
-0.000974
-0.000989
-0.001003
-0.001018
-0.001033
-0.001047
-0.001062
-0.001076
-0.001091
-0.001105
-0.001120
-0.001134
-0.001148
-0.001163
-0.001177
-0.001191
-0.001205
-0.001219
-0.001233
-0.001247
-0.001261
-0.001275
-0.001289
-0.001303
-0.001317
-0.001331
-0.001345
-0.001358
-0.001372
-0.001386
-0.001399
-0.001413
-0.001426
-0.001440
-0.001453
-0.001467
-0.001480
-0.001493
-0.001506
-0.001520
-0.001533
-0.001546
-0.001559
-0.001572
-0.001585
-0.001598
-0.001611
-0.001624
-0.001637
-0.001650
-0.001663
-0.001675
-0.001688
-0.001701
-0.001713
-0.001726
-0.001738
-0.001751
-0.001763
-0.001776
-0.001788
-0.001801
-0.001813
-0.001825
-0.001837
-0.001850
-0.001862
-0.001874
-0.001886
-0.001898
-0.001910
-0.001922
-0.001934
-0.001946
-0.001957
-0.001969
-0.001981
-0.001993
-0.002004
-0.002016
-0.002028
-0.002039
-0.002051
-0.002062
-0.002074
-0.002085
-0.002096
-0.002108
-0.002119
-0.002130
-0.002142
-0.002153
-0.002164
-0.002175
-0.002186
-0.002197
-0.002208
-0.002219
-0.002230
-0.002241
-0.002251
-0.002262
-0.002273
-0.002284
-0.002294
-0.002305
-0.002316
-0.002326
-0.002337
-0.002347
-0.002357
-0.002368
-0.002378
-0.002389
-0.002399
-0.002409
-0.002419
-0.002429
-0.002440
-0.002450
-0.002460
-0.002470
-0.002480
-0.002490
-0.002500
-0.002509
-0.002519
-0.002529
-0.002539
-0.002548
-0.002558
-0.002568
-0.002577
-0.002587
-0.002596
-0.002606
-0.002615
-0.002625
-0.002634
-0.002643
-0.002653
-0.002662
-0.002671
-0.002680
-0.002690
-0.002699
-0.002708
-0.002717
-0.002726
-0.002735
-0.002744
-0.002753
-0.002761
-0.002770
-0.002779
-0.002788
-0.002796
-0.002805
-0.002814
-0.002822
-0.002831
-0.002839
-0.002848
-0.002856
-0.002865
-0.002873
-0.002881
-0.002890
-0.002898
-0.002906
-0.002914
-0.002923
-0.002931
-0.002939
-0.002947
-0.002955
-0.002963
-0.002971
-0.002979
-0.002987
-0.002994
-0.003002
-0.003010
-0.003018
-0.003025
-0.003033
-0.003041
-0.003048
-0.003056
-0.003063
-0.003071
-0.003078
-0.003086
-0.003093
-0.003100
-0.003108
-0.003115
-0.003122
-0.003129
-0.003136
-0.003144
-0.003151
-0.003158
-0.003165
-0.003172
-0.003179
-0.003186
-0.003192
-0.003199
-0.003206
-0.003213
-0.003220
-0.003226
-0.003233
-0.003240
-0.003246
-0.003253
-0.003259
-0.003266
-0.003272
-0.003279
-0.003285
-0.003291
-0.003298
-0.003304
-0.003310
-0.003317
-0.003323
-0.003329
-0.003335
-0.003341
-0.003347
-0.003353
-0.003359
-0.003365
-0.003371
-0.003377
-0.003383
-0.003389
-0.003394
-0.003400
-0.003406
-0.003412
-0.003417
-0.003423
-0.003428
-0.003434
-0.003439
-0.003445
-0.003450
-0.003456
-0.003461
-0.003467
-0.003472
-0.003477
-0.003482
-0.003488
-0.003493
-0.003498
-0.003503
-0.003508
-0.003513
-0.003518
-0.003523
-0.003528
-0.003533
-0.003538
-0.003543
-0.003548
-0.003553
-0.003558
-0.003562
-0.003567
-0.003572
-0.003576
-0.003581
-0.003586
-0.003590
-0.003595
-0.003599
-0.003604
-0.003608
-0.003612
-0.003617
-0.003621
-0.003625
-0.003630
-0.003634
-0.003638
-0.003642
-0.003646
-0.003651
-0.003655
-0.003659
-0.003663
-0.003667
-0.003671
-0.003675
-0.003679
-0.003682
-0.003686
-0.003690
-0.003694
-0.003698
-0.003701
-0.003705
-0.003709
-0.003712
-0.003716
-0.003720
-0.003723
-0.003727
-0.003730
-0.003734
-0.003737
-0.003740
-0.003744
-0.003747
-0.003750
-0.003754
-0.003757
-0.003760
-0.003763
-0.003767
-0.003770
-0.003773
-0.003776
-0.003779
-0.003782
-0.003785
-0.003788
-0.003791
-0.003794
-0.003797
-0.003799
-0.003802
-0.003805
-0.003808
-0.003810
-0.003813
-0.003816
-0.003818
-0.003821
-0.003824
-0.003826
-0.003829
-0.003831
-0.003834
-0.003836
-0.003839
-0.003841
-0.003843
-0.003846
-0.003848
-0.003850
-0.003853
-0.003855
-0.003857
-0.003859
-0.003861
-0.003863
-0.003866
-0.003868
-0.003870
-0.003872
-0.003874
-0.003876
-0.003877
-0.003879
-0.003881
-0.003883
-0.003885
-0.003887
-0.003888
-0.003890
-0.003892
-0.003894
-0.003895
-0.003897
-0.003899
-0.003900
-0.003902
-0.003903
-0.003905
-0.003906
-0.003908
-0.003909
-0.003910
-0.003912
-0.003913
-0.003915
-0.003916
-0.003917
-0.003918
-0.003920
-0.003921
-0.003922
-0.003923
-0.003924
-0.003925
-0.003926
-0.003927
-0.003928
-0.003929
-0.003930
-0.003931
-0.003932
-0.003933
-0.003934
-0.003935
-0.003936
-0.003936
-0.003937
-0.003938
-0.003939
-0.003939
-0.003940
-0.003941
-0.003941
-0.003942
-0.003943
-0.003943
-0.003944
-0.003944
-0.003945
-0.003945
-0.003946
-0.003946
-0.003946
-0.003947
-0.003947
-0.003947
-0.003948
-0.003948
-0.003948
-0.003948
-0.003949
-0.003949
-0.003949
-0.003949
-0.003949
-0.003949
-0.003949
-0.003949
-0.003949
-0.003949
-0.003949
-0.003949
-0.003949
-0.003949
-0.003949
-0.003949
-0.003949
-0.003949
-0.003948
-0.003948
-0.003948
-0.003948
-0.003947
-0.003947
-0.003947
-0.003946
-0.003946
-0.003945
-0.003945
-0.003945
-0.003944
-0.003944
-0.003943
-0.003943
-0.003942
-0.003941
-0.003941
-0.003940
-0.003940
-0.003939
-0.003938
-0.003938
-0.003937
-0.003936
-0.003935
-0.003935
-0.003934
-0.003933
-0.003932
-0.003931
-0.003930
-0.003929
-0.003928
-0.003928
-0.003927
-0.003926
-0.003925
-0.003923
-0.003922
-0.003921
-0.003920
-0.003919
-0.003918
-0.003917
-0.003916
-0.003915
-0.003913
-0.003912
-0.003911
-0.003910
-0.003908
-0.003907
-0.003906
-0.003904
-0.003903
-0.003902
-0.003900
-0.003899
-0.003897
-0.003896
-0.003894
-0.003893
-0.003891
-0.003890
-0.003888
-0.003887
-0.003885
-0.003883
-0.003882
-0.003880
-0.003879
-0.003877
-0.003875
-0.003873
-0.003872
-0.003870
-0.003868
-0.003866
-0.003865
-0.003863
-0.003861
-0.003859
-0.003857
-0.003855
-0.003853
-0.003851
-0.003849
-0.003847
-0.003845
-0.003843
-0.003841
-0.003839
-0.003837
-0.003835
-0.003833
-0.003831
-0.003829
-0.003827
-0.003825
-0.003823
-0.003820
-0.003818
-0.003816
-0.003814
-0.003811
-0.003809
-0.003807
-0.003805
-0.003802
-0.003800
-0.003798
-0.003795
-0.003793
-0.003790
-0.003788
-0.003786
-0.003783
-0.003781
-0.003778
-0.003776
-0.003773
-0.003771
-0.003768
-0.003765
-0.003763
-0.003760
-0.003758
-0.003755
-0.003752
-0.003750
-0.003747
-0.003744
-0.003742
-0.003739
-0.003736
-0.003734
-0.003731
-0.003728
-0.003725
-0.003722
-0.003720
-0.003717
-0.003714
-0.003711
-0.003708
-0.003705
-0.003702
-0.003699
-0.003697
-0.003694
-0.003691
-0.003688
-0.003685
-0.003682
-0.003679
-0.003676
-0.003673
-0.003670
-0.003666
-0.003663
-0.003660
-0.003657
-0.003654
-0.003651
-0.003648
-0.003645
-0.003641
-0.003638
-0.003635
-0.003632
-0.003629
-0.003625
-0.003622
-0.003619
-0.003615
-0.003612
-0.003609
-0.003606
-0.003602
-0.003599
-0.003595
-0.003592
-0.003589
-0.003585
-0.003582
-0.003578
-0.003575
-0.003572
-0.003568
-0.003565
-0.003561
-0.003558
-0.003554
-0.003551
-0.003547
-0.003544
-0.003540
-0.003536
-0.003533
-0.003529
-0.003526
-0.003522
-0.003518
-0.003515
-0.003511
-0.003507
-0.003504
-0.003500
-0.003496
-0.003493
-0.003489
-0.003485
-0.003481
-0.003478
-0.003474
-0.003470
-0.003466
-0.003463
-0.003459
-0.003455
-0.003451
-0.003447
-0.003443
-0.003440
-0.003436
-0.003432
-0.003428
-0.003424
-0.003420
-0.003416
-0.003412
-0.003408
-0.003404
-0.003400
-0.003396
-0.003392
-0.003388
-0.003384
-0.003380
-0.003376
-0.003372
-0.003368
-0.003364
-0.003360
-0.003356
-0.003352
-0.003348
-0.003344
-0.003340
-0.003336
-0.003332
-0.003327
-0.003323
-0.003319
-0.003315
-0.003311
-0.003307
-0.003302
-0.003298
-0.003294
-0.003290
-0.003286
-0.003281
-0.003277
-0.003273
-0.003269
-0.003264
-0.003260
-0.003256
-0.003251
-0.003247
-0.003243
-0.003238
-0.003234
-0.003230
-0.003225
-0.003221
-0.003217
-0.003212
-0.003208
-0.003204
-0.003199
-0.003195
-0.003190
-0.003186
-0.003182
-0.003177
-0.003173
-0.003168
-0.003164
-0.003159
-0.003155
-0.003150
-0.003146
-0.003141
-0.003137
-0.003132
-0.003128
-0.003123
-0.003119
-0.003114
-0.003110
-0.003105
-0.003101
-0.003096
-0.003091
-0.003087
-0.003082
-0.003078
-0.003073
-0.003069
-0.003064
-0.003059
-0.003055
-0.003050
-0.003045
-0.003041
-0.003036
-0.003031
-0.003027
-0.003022
-0.003017
-0.003013
-0.003008
-0.003003
-0.002999
-0.002994
-0.002989
-0.002985
-0.002980
-0.002975
-0.002970
-0.002966
-0.002961
-0.002956
-0.002951
-0.002947
-0.002942
-0.002937
-0.002932
-0.002928
-0.002923
-0.002918
-0.002913
-0.002908
-0.002904
-0.002899
-0.002894
-0.002889
-0.002884
-0.002879
-0.002875
-0.002870
-0.002865
-0.002860
-0.002855
-0.002850
-0.002845
-0.002841
-0.002836
-0.002831
-0.002826
-0.002821
-0.002816
-0.002811
-0.002806
-0.002801
-0.002796
-0.002792
-0.002787
-0.002782
-0.002777
-0.002772
-0.002767
-0.002762
-0.002757
-0.002752
-0.002747
-0.002742
-0.002737
-0.002732
-0.002727
-0.002722
-0.002717
-0.002712
-0.002707
-0.002702
-0.002697
-0.002692
-0.002687
-0.002682
-0.002677
-0.002672
-0.002667
-0.002662
-0.002657
-0.002652
-0.002647
-0.002642
-0.002637
-0.002632
-0.002627
-0.002622
-0.002617
-0.002612
-0.002607
-0.002602
-0.002597
-0.002592
-0.002587
-0.002581
-0.002576
-0.002571
-0.002566
-0.002561
-0.002556
-0.002551
-0.002546
-0.002541
-0.002536
-0.002531
-0.002526
-0.002520
-0.002515
-0.002510
-0.002505
-0.002500
-0.002495
-0.002490
-0.002485
-0.002480
-0.002475
-0.002469
-0.002464
-0.002459
-0.002454
-0.002449
-0.002444
-0.002439
-0.002434
-0.002428
-0.002423
-0.002418
-0.002413
-0.002408
-0.002403
-0.002398
-0.002392
-0.002387
-0.002382
-0.002377
-0.002372
-0.002367
-0.002362
-0.002356
-0.002351
-0.002346
-0.002341
-0.002336
-0.002331
-0.002325
-0.002320
-0.002315
-0.002310
-0.002305
-0.002300
-0.002294
-0.002289
-0.002284
-0.002279
-0.002274
-0.002269
-0.002263
-0.002258
-0.002253
-0.002248
-0.002243
-0.002238
-0.002232
-0.002227
-0.002222
-0.002217
-0.002212
-0.002207
-0.002201
-0.002196
-0.002191
-0.002186
-0.002181
-0.002175
-0.002170
-0.002165
-0.002160
-0.002155
-0.002150
-0.002144
-0.002139
-0.002134
-0.002129
-0.002124
-0.002119
-0.002113
-0.002108
-0.002103
-0.002098
-0.002093
-0.002087
-0.002082
-0.002077
-0.002072
-0.002067
-0.002062
-0.002056
-0.002051
-0.002046
-0.002041
-0.002036
-0.002031
-0.002025
-0.002020
-0.002015
-0.002010
-0.002005
-0.002000
-0.001994
-0.001989
-0.001984
-0.001979
-0.001974
-0.001969
-0.001963
-0.001958
-0.001953
-0.001948
-0.001943
-0.001938
-0.001933
-0.001927
-0.001922
-0.001917
-0.001912
-0.001907
-0.001902
-0.001897
-0.001891
-0.001886
-0.001881
-0.001876
-0.001871
-0.001866
-0.001861
-0.001855
-0.001850
-0.001845
-0.001840
-0.001835
-0.001830
-0.001825
-0.001820
-0.001814
-0.001809
-0.001804
-0.001799
-0.001794
-0.001789
-0.001784
-0.001779
-0.001774
-0.001769
-0.001763
-0.001758
-0.001753
-0.001748
-0.001743
-0.001738
-0.001733
-0.001728
-0.001723
-0.001718
-0.001713
-0.001707
-0.001702
-0.001697
-0.001692
-0.001687
-0.001682
-0.001677
-0.001672
-0.001667
-0.001662
-0.001657
-0.001652
-0.001647
-0.001642
-0.001637
-0.001632
-0.001627
-0.001622
-0.001617
-0.001612
-0.001607
-0.001602
-0.001597
-0.001592
-0.001586
-0.001581
-0.001576
-0.001571
-0.001566
-0.001561
-0.001556
-0.001552
-0.001547
-0.001542
-0.001537
-0.001532
-0.001527
-0.001522
-0.001517
-0.001512
-0.001507
-0.001502
-0.001497
-0.001492
-0.001487
-0.001482
-0.001477
-0.001472
-0.001467
-0.001462
-0.001457
-0.001452
-0.001447
-0.001443
-0.001438
-0.001433
-0.001428
-0.001423
-0.001418
-0.001413
-0.001408
-0.001403
-0.001398
-0.001394
-0.001389
-0.001384
-0.001379
-0.001374
-0.001369
-0.001364
-0.001359
-0.001355
-0.001350
-0.001345
-0.001340
-0.001335
-0.001330
-0.001326
-0.001321
-0.001316
-0.001311
-0.001306
-0.001301
-0.001297
-0.001292
-0.001287
-0.001282
-0.001278
-0.001273
-0.001268
-0.001263
-0.001258
-0.001254
-0.001249
-0.001244
-0.001239
-0.001235
-0.001230
-0.001225
-0.001220
-0.001216
-0.001211
-0.001206
-0.001201
-0.001197
-0.001192
-0.001187
-0.001183
-0.001178
-0.001173
-0.001169
-0.001164
-0.001159
-0.001154
-0.001150
-0.001145
-0.001140
-0.001136
-0.001131
-0.001127
-0.001122
-0.001117
-0.001113
-0.001108
-0.001103
-0.001099
-0.001094
-0.001089
-0.001085
-0.001080
-0.001076
-0.001071
-0.001067
-0.001062
-0.001057
-0.001053
-0.001048
-0.001044
-0.001039
-0.001035
-0.001030
-0.001025
-0.001021
-0.001016
-0.001012
-0.001007
-0.001003
-0.000998
-0.000994
-0.000989
-0.000985
-0.000980
-0.000976
-0.000971
-0.000967
-0.000962
-0.000958
-0.000953
-0.000949
-0.000945
-0.000940
-0.000936
-0.000931
-0.000927
-0.000922
-0.000918
-0.000914
-0.000909
-0.000905
-0.000900
-0.000896
-0.000892
-0.000887
-0.000883
-0.000878
-0.000874
-0.000870
-0.000865
-0.000861
-0.000857
-0.000852
-0.000848
-0.000844
-0.000839
-0.000835
-0.000831
-0.000826
-0.000822
-0.000818
-0.000813
-0.000809
-0.000805
-0.000801
-0.000796
-0.000792
-0.000788
-0.000784
-0.000779
-0.000775
-0.000771
-0.000767
-0.000762
-0.000758
-0.000754
-0.000750
-0.000746
-0.000741
-0.000737
-0.000733
-0.000729
-0.000725
-0.000721
-0.000716
-0.000712
-0.000708
-0.000704
-0.000700
-0.000696
-0.000692
-0.000687
-0.000683
-0.000679
-0.000675
-0.000671
-0.000667
-0.000663
-0.000659
-0.000655
-0.000651
-0.000647
-0.000643
-0.000639
-0.000634
-0.000630
-0.000626
-0.000622
-0.000618
-0.000614
-0.000610
-0.000606
-0.000602
-0.000598
-0.000594
-0.000590
-0.000586
-0.000583
-0.000579
-0.000575
-0.000571
-0.000567
-0.000563
-0.000559
-0.000555
-0.000551
-0.000547
-0.000543
-0.000539
-0.000535
-0.000532
-0.000528
-0.000524
-0.000520
-0.000516
-0.000512
-0.000508
-0.000505
-0.000501
-0.000497
-0.000493
-0.000489
-0.000486
-0.000482
-0.000478
-0.000474
-0.000470
-0.000467
-0.000463
-0.000459
-0.000455
-0.000452
-0.000448
-0.000444
-0.000440
-0.000437
-0.000433
-0.000429
-0.000426
-0.000422
-0.000418
-0.000414
-0.000411
-0.000407
-0.000403
-0.000400
-0.000396
-0.000392
-0.000389
-0.000385
-0.000382
-0.000378
-0.000374
-0.000371
-0.000367
-0.000364
-0.000360
-0.000356
-0.000353
-0.000349
-0.000346
-0.000342
-0.000339
-0.000335
-0.000332
-0.000328
-0.000324
-0.000321
-0.000317
-0.000314
-0.000310
-0.000307
-0.000303
-0.000300
-0.000297
-0.000293
-0.000290
-0.000286
-0.000283
-0.000279
-0.000276
-0.000272
-0.000269
-0.000266
-0.000262
-0.000259
-0.000255
-0.000252
-0.000249
-0.000245
-0.000242
-0.000239
-0.000235
-0.000232
-0.000229
-0.000225
-0.000222
-0.000219
-0.000215
-0.000212
-0.000209
-0.000205
-0.000202
-0.000199
-0.000196
-0.000192
-0.000189
-0.000186
-0.000183
-0.000179
-0.000176
-0.000173
-0.000170
-0.000166
-0.000163
-0.000160
-0.000157
-0.000154
-0.000150
-0.000147
-0.000144
-0.000141
-0.000138
-0.000135
-0.000132
-0.000128
-0.000125
-0.000122
-0.000119
-0.000116
-0.000113
-0.000110
-0.000107
-0.000104
-0.000101
-0.000098
-0.000095
-0.000091
-0.000088
-0.000085
-0.000082
-0.000079
-0.000076
-0.000073
-0.000070
-0.000067
-0.000064
-0.000061
-0.000058
-0.000055
-0.000052
-0.000050
-0.000047
-0.000044
-0.000041
-0.000038
-0.000035
-0.000032
-0.000029
-0.000026
-0.000023
-0.000020
-0.000018
-0.000015
-0.000012
-0.000009
-0.000006
-0.000003
-0.000000
0.000002
0.000005
0.000008
0.000011
0.000014
0.000016
0.000019
0.000022
0.000025
0.000028
0.000030
0.000033
0.000036
0.000039
0.000041
0.000044
0.000047
0.000050
0.000052
0.000055
0.000058
0.000060
0.000063
0.000066
0.000068
0.000071
0.000074
0.000076
0.000079
0.000082
0.000084
0.000087
0.000089
0.000092
0.000095
0.000097
0.000100
0.000102
0.000105
0.000107
0.000110
0.000113
0.000115
0.000118
0.000120
0.000123
0.000125
0.000128
0.000130
0.000133
0.000135
0.000138
0.000140
0.000143
0.000145
0.000148
0.000150
0.000153
0.000155
0.000157
0.000160
0.000162
0.000165
0.000167
0.000169
0.000172
0.000174
0.000177
0.000179
0.000181
0.000184
0.000186
0.000188
0.000191
0.000193
0.000195
0.000198
0.000200
0.000202
0.000205
0.000207
0.000209
0.000211
0.000214
0.000216
0.000218
0.000220
0.000223
0.000225
0.000227
0.000229
0.000232
0.000234
0.000236
0.000238
0.000240
0.000243
0.000245
0.000247
0.000249
0.000251
0.000253
0.000256
0.000258
0.000260
0.000262
0.000264
0.000266
0.000268
0.000270
0.000272
0.000275
0.000277
0.000279
0.000281
0.000283
0.000285
0.000287
0.000289
0.000291
0.000293
0.000295
0.000297
0.000299
0.000301
0.000303
0.000305
0.000307
0.000309
0.000311
0.000313
0.000315
0.000317
0.000319
0.000321
0.000323
0.000325
0.000326
0.000328
0.000330
0.000332
0.000334
0.000336
0.000338
0.000340
0.000342
0.000343
0.000345
0.000347
0.000349
0.000351
0.000353
0.000354
0.000356
0.000358
0.000360
0.000362
0.000363
0.000365
0.000367
0.000369
0.000370
0.000372
0.000374
0.000376
0.000377
0.000379
0.000381
0.000383
0.000384
0.000386
0.000388
0.000389
0.000391
0.000393
0.000394
0.000396
0.000398
0.000399
0.000401
0.000403
0.000404
0.000406
0.000408
0.000409
0.000411
0.000412
0.000414
0.000416
0.000417
0.000419
0.000420
0.000422
0.000423
0.000425
0.000427
0.000428
0.000430
0.000431
0.000433
0.000434
0.000436
0.000437
0.000439
0.000440
0.000442
0.000443
0.000445
0.000446
0.000448
0.000449
0.000450
0.000452
0.000453
0.000455
0.000456
0.000458
0.000459
0.000460
0.000462
0.000463
0.000465
0.000466
0.000467
0.000469
0.000470
0.000472
0.000473
0.000474
0.000476
0.000477
0.000478
0.000480
0.000481
0.000482
0.000483
0.000485
0.000486
0.000487
0.000489
0.000490
0.000491
0.000492
0.000494
0.000495
0.000496
0.000497
0.000499
0.000500
0.000501
0.000502
0.000504
0.000505
0.000506
0.000507
0.000508
0.000510
0.000511
0.000512
0.000513
0.000514
0.000515
0.000517
0.000518
0.000519
0.000520
0.000521
0.000522
0.000523
0.000524
0.000526
0.000527
0.000528
0.000529
0.000530
0.000531
0.000532
0.000533
0.000534
0.000535
0.000536
0.000537
0.000538
0.000539
0.000540
0.000541
0.000542
0.000543
0.000544
0.000545
0.000546
0.000547
0.000548
0.000549
0.000550
0.000551
0.000552
0.000553
0.000554
0.000555
0.000556
0.000557
0.000558
0.000559
0.000560
0.000561
0.000562
0.000562
0.000563
0.000564
0.000565
0.000566
0.000567
0.000568
0.000569
0.000569
0.000570
0.000571
0.000572
0.000573
0.000574
0.000574
0.000575
0.000576
0.000577
0.000578
0.000578
0.000579
0.000580
0.000581
0.000582
0.000582
0.000583
0.000584
0.000585
0.000585
0.000586
0.000587
0.000588
0.000588
0.000589
0.000590
0.000591
0.000591
0.000592
0.000593
0.000593
0.000594
0.000595
0.000595
0.000596
0.000597
0.000597
0.000598
0.000599
0.000599
0.000600
0.000601
0.000601
0.000602
0.000603
0.000603
0.000604
0.000604
0.000605
0.000606
0.000606
0.000607
0.000607
0.000608
0.000608
0.000609
0.000610
0.000610
0.000611
0.000611
0.000612
0.000612
0.000613
0.000613
0.000614
0.000614
0.000615
0.000616
0.000616
0.000617
0.000617
0.000618
0.000618
0.000618
0.000619
0.000619
0.000620
0.000620
0.000621
0.000621
0.000622
0.000622
0.000623
0.000623
0.000623
0.000624
0.000624
0.000625
0.000625
0.000626
0.000626
0.000626
0.000627
0.000627
0.000628
0.000628
0.000628
0.000629
0.000629
0.000629
0.000630
0.000630
0.000630
0.000631
0.000631
0.000632
0.000632
0.000632
0.000632
0.000633
0.000633
0.000633
0.000634
0.000634
0.000634
0.000635
0.000635
0.000635
0.000635
0.000636
0.000636
0.000636
0.000637
0.000637
0.000637
0.000637
0.000638
0.000638
0.000638
0.000638
0.000639
0.000639
0.000639
0.000639
0.000639
0.000640
0.000640
0.000640
0.000640
0.000640
0.000641
0.000641
0.000641
0.000641
0.000641
0.000641
0.000642
0.000642
0.000642
0.000642
0.000642
0.000642
0.000642
0.000643
0.000643
0.000643
0.000643
0.000643
0.000643
0.000643
0.000643
0.000644
0.000644
0.000644
0.000644
0.000644
0.000644
0.000644
0.000644
0.000644
0.000644
0.000644
0.000644
0.000644
0.000644
0.000645
0.000645
0.000645
0.000645
0.000645
0.000645
0.000645
0.000645
0.000645
0.000645
0.000645
0.000645
0.000645
0.000645
0.000645
0.000645
0.000645
0.000645
0.000645
0.000645
0.000645
0.000645
0.000645
0.000645
0.000645
0.000644
0.000644
0.000644
0.000644
0.000644
0.000644
0.000644
0.000644
0.000644
0.000644
0.000644
0.000644
0.000644
0.000644
0.000643
0.000643
0.000643
0.000643
0.000643
0.000643
0.000643
0.000643
0.000643
0.000642
0.000642
0.000642
0.000642
0.000642
0.000642
0.000642
0.000641
0.000641
0.000641
0.000641
0.000641
0.000641
0.000641
0.000640
0.000640
0.000640
0.000640
0.000640
0.000639
0.000639
0.000639
0.000639
0.000639
0.000638
0.000638
0.000638
0.000638
0.000638
0.000637
0.000637
0.000637
0.000637
0.000636
0.000636
0.000636
0.000636
0.000635
0.000635
0.000635
0.000635
0.000634
0.000634
0.000634
0.000634
0.000633
0.000633
0.000633
0.000633
0.000632
0.000632
0.000632
0.000631
0.000631
0.000631
0.000631
0.000630
0.000630
0.000630
0.000629
0.000629
0.000629
0.000628
0.000628
0.000628
0.000627
0.000627
0.000627
0.000626
0.000626
0.000626
0.000625
0.000625
0.000625
0.000624
0.000624
0.000624
0.000623
0.000623
0.000622
0.000622
0.000622
0.000621
0.000621
0.000621
0.000620
0.000620
0.000619
0.000619
0.000619
0.000618
0.000618
0.000617
0.000617
0.000617
0.000616
0.000616
0.000615
0.000615
0.000615
0.000614
0.000614
0.000613
0.000613
0.000612
0.000612
0.000612
0.000611
0.000611
0.000610
0.000610
0.000609
0.000609
0.000608
0.000608
0.000608
0.000607
0.000607
0.000606
0.000606
0.000605
0.000605
0.000604
0.000604
0.000603
0.000603
0.000602
0.000602
0.000601
0.000601
0.000600
0.000600
0.000599
0.000599
0.000598
0.000598
0.000597
0.000597
0.000596
0.000596
0.000595
0.000595
0.000594
0.000594
0.000593
0.000593
0.000592
0.000592
0.000591
0.000591
0.000590
0.000589
0.000589
0.000588
0.000588
0.000587
0.000587
0.000586
0.000586
0.000585
0.000584
0.000584
0.000583
0.000583
0.000582
0.000582
0.000581
0.000581
0.000580
0.000579
0.000579
0.000578
0.000578
0.000577
0.000576
0.000576
0.000575
0.000575
0.000574
0.000573
0.000573
0.000572
0.000572
0.000571
0.000570
0.000570
0.000569
0.000569
0.000568
0.000567
0.000567
0.000566
0.000566
0.000565
0.000564
0.000564
0.000563
0.000562
0.000562
0.000561
0.000561
0.000560
0.000559
0.000559
0.000558
0.000557
0.000557
0.000556
0.000555
0.000555
0.000554
0.000553
0.000553
0.000552
0.000551
0.000551
0.000550
0.000550
0.000549
0.000548
0.000548
0.000547
0.000546
0.000546
0.000545
0.000544
0.000543
0.000543
0.000542
0.000541
0.000541
0.000540
0.000539
0.000539
0.000538
0.000537
0.000537
0.000536
0.000535
0.000535
0.000534
0.000533
0.000532
0.000532
0.000531
0.000530
0.000530
0.000529
0.000528
0.000528
0.000527
0.000526
0.000525
0.000525
0.000524
0.000523
0.000523
0.000522
0.000521
0.000520
0.000520
0.000519
0.000518
0.000517
0.000517
0.000516
0.000515
0.000515
0.000514
0.000513
0.000512
0.000512
0.000511
0.000510
0.000509
0.000509
0.000508
0.000507
0.000506
0.000506
0.000505
0.000504
0.000503
0.000503
0.000502
0.000501
0.000500
0.000500
0.000499
0.000498
0.000497
0.000497
0.000496
0.000495
0.000494
0.000494
0.000493
0.000492
0.000491
0.000491
0.000490
0.000489
0.000488
0.000487
0.000487
0.000486
0.000485
0.000484
0.000484
0.000483
0.000482
0.000481
0.000480
0.000480
0.000479
0.000478
0.000477
0.000477
0.000476
0.000475
0.000474
0.000473
0.000473
0.000472
0.000471
0.000470
0.000469
0.000469
0.000468
0.000467
0.000466
0.000466
0.000465
0.000464
0.000463
0.000462
0.000462
0.000461
0.000460
0.000459
0.000458
0.000458
0.000457
0.000456
0.000455
0.000454
0.000453
0.000453
0.000452
0.000451
0.000450
0.000449
0.000449
0.000448
0.000447
0.000446
0.000445
0.000445
0.000444
0.000443
0.000442
0.000441
0.000440
0.000440
0.000439
0.000438
0.000437
0.000436
0.000436
0.000435
0.000434
0.000433
0.000432
0.000431
0.000431
0.000430
0.000429
0.000428
0.000427
0.000427
0.000426
0.000425
0.000424
0.000423
0.000422
0.000422
0.000421
0.000420
0.000419
0.000418
0.000417
0.000417
0.000416
0.000415
0.000414
0.000413
0.000412
0.000412
0.000411
0.000410
0.000409
0.000408
0.000407
0.000407
0.000406
0.000405
0.000404
0.000403
0.000402
0.000402
0.000401
0.000400
0.000399
0.000398
0.000397
0.000397
0.000396
0.000395
0.000394
0.000393
0.000392
0.000391
0.000391
0.000390
0.000389
0.000388
0.000387
0.000386
0.000386
0.000385
0.000384
0.000383
0.000382
0.000381
0.000381
0.000380
0.000379
0.000378
0.000377
0.000376
0.000375
0.000375
0.000374
0.000373
0.000372
0.000371
0.000370
0.000370
0.000369
0.000368
0.000367
0.000366
0.000365
0.000364
0.000364
0.000363
0.000362
0.000361
0.000360
0.000359
0.000359
0.000358
0.000357
0.000356
0.000355
0.000354
0.000353
0.000353
0.000352
0.000351
0.000350
0.000349
0.000348
0.000348
0.000347
0.000346
0.000345
0.000344
0.000343
0.000342
0.000342
0.000341
0.000340
0.000339
0.000338
0.000337
0.000337
0.000336
0.000335
0.000334
0.000333
0.000332
0.000332
0.000331
0.000330
0.000329
0.000328
0.000327
0.000326
0.000326
0.000325
0.000324
0.000323
0.000322
0.000321
0.000321
0.000320
0.000319
0.000318
0.000317
0.000316
0.000315
0.000315
0.000314
0.000313
0.000312
0.000311
0.000310
0.000310
0.000309
0.000308
0.000307
0.000306
0.000305
0.000305
0.000304
0.000303
0.000302
0.000301
0.000300
0.000300
0.000299
0.000298
0.000297
0.000296
0.000295
0.000294
0.000294
0.000293
0.000292
0.000291
0.000290
0.000289
0.000289
0.000288
0.000287
0.000286
0.000285
0.000284
0.000284
0.000283
0.000282
0.000281
0.000280
0.000280
0.000279
0.000278
0.000277
0.000276
0.000275
0.000275
0.000274
0.000273
0.000272
0.000271
0.000270
0.000270
0.000269
0.000268
0.000267
0.000266
0.000265
0.000265
0.000264
0.000263
0.000262
0.000261
0.000261
0.000260
0.000259
0.000258
0.000257
0.000256
0.000256
0.000255
0.000254
0.000253
0.000252
0.000252
0.000251
0.000250
0.000249
0.000248
0.000247
0.000247
0.000246
0.000245
0.000244
0.000243
0.000243
0.000242
0.000241
0.000240
0.000239
0.000239
0.000238
0.000237
0.000236
0.000235
0.000235
0.000234
0.000233
0.000232
0.000231
0.000231
0.000230
0.000229
0.000228
0.000227
0.000227
0.000226
0.000225
0.000224
0.000223
0.000223
0.000222
0.000221
0.000220
0.000219
0.000219
0.000218
0.000217
0.000216
0.000215
0.000215
0.000214
0.000213
0.000212
0.000212
0.000211
0.000210
0.000209
0.000208
0.000208
0.000207
0.000206
0.000205
0.000204
0.000204
0.000203
0.000202
0.000201
0.000201
0.000200
0.000199
0.000198
0.000197
0.000197
0.000196
0.000195
0.000194
0.000194
0.000193
0.000192
0.000191
0.000191
0.000190
0.000189
0.000188
0.000188
0.000187
0.000186
0.000185
0.000184
0.000184
0.000183
0.000182
0.000181
0.000181
0.000180
0.000179
0.000178
0.000178
0.000177
0.000176
0.000175
0.000175
0.000174
0.000173
0.000172
0.000172
0.000171
0.000170
0.000169
0.000169
0.000168
0.000167
0.000166
0.000166
0.000165
0.000164
0.000163
0.000163
0.000162
0.000161
0.000161
0.000160
0.000159
0.000158
0.000158
0.000157
0.000156
0.000155
0.000155
0.000154
0.000153
0.000152
0.000152
0.000151
0.000150
0.000150
0.000149
0.000148
0.000147
0.000147
0.000146
0.000145
0.000145
0.000144
0.000143
0.000142
0.000142
0.000141
0.000140
0.000140
0.000139
0.000138
0.000137
0.000137
0.000136
0.000135
0.000135
0.000134
0.000133
0.000133
0.000132
0.000131
0.000130
0.000130
0.000129
0.000128
0.000128
0.000127
0.000126
0.000126
0.000125
0.000124
0.000123
0.000123
0.000122
0.000121
0.000121
0.000120
0.000119
0.000119
0.000118
0.000117
0.000117
0.000116
0.000115
0.000115
0.000114
0.000113
0.000113
0.000112
0.000111
0.000111
0.000110
0.000109
0.000109
0.000108
0.000107
0.000107
0.000106
0.000105
0.000105
0.000104
0.000103
0.000103
0.000102
0.000101
0.000101
0.000100
0.000099
0.000099
0.000098
0.000097
0.000097
0.000096
0.000095
0.000095
0.000094
0.000093
0.000093
0.000092
0.000092
0.000091
0.000090
0.000090
0.000089
0.000088
0.000088
0.000087
0.000086
0.000086
0.000085
0.000085
0.000084
0.000083
0.000083
0.000082
0.000081
0.000081
0.000080
0.000080
0.000079
0.000078
0.000078
0.000077
0.000076
0.000076
0.000075
0.000075
0.000074
0.000073
0.000073
0.000072
0.000072
0.000071
0.000070
0.000070
0.000069
0.000069
0.000068
0.000067
0.000067
0.000066
0.000065
0.000065
0.000064
0.000064
0.000063
0.000063
0.000062
0.000061
0.000061
0.000060
0.000060
0.000059
0.000058
0.000058
0.000057
0.000057
0.000056
0.000055
0.000055
0.000054
0.000054
0.000053
0.000053
0.000052
0.000051
0.000051
0.000050
0.000050
0.000049
0.000049
0.000048
0.000047
0.000047
0.000046
0.000046
0.000045
0.000045
0.000044
0.000044
0.000043
0.000042
0.000042
0.000041
0.000041
0.000040
0.000040
0.000039
0.000039
0.000038
0.000037
0.000037
0.000036
0.000036
0.000035
0.000035
0.000034
0.000034
0.000033
0.000033
0.000032
0.000032
0.000031
0.000030
0.000030
0.000029
0.000029
0.000028
0.000028
0.000027
0.000027
0.000026
0.000026
0.000025
0.000025
0.000024
0.000024
0.000023
0.000023
0.000022
0.000022
0.000021
0.000021
0.000020
0.000020
0.000019
0.000019
0.000018
0.000018
0.000017
0.000017
0.000016
0.000016
0.000015
0.000015
0.000014
0.000014
0.000013
0.000013
0.000012
0.000012
0.000011
0.000011
0.000010
0.000010
0.000009
0.000009
0.000008
0.000008
0.000007
0.000007
0.000006
0.000006
0.000005
0.000005
0.000004
0.000004
0.000003
0.000003
0.000002
0.000002
0.000001
0.000001
0.000001
0.000000
-0.000000
-0.000001
-0.000001
-0.000002
-0.000002
-0.000003
-0.000003
-0.000004
-0.000004
-0.000004
-0.000005
-0.000005
-0.000006
-0.000006
-0.000007
-0.000007
-0.000008
-0.000008
-0.000009
-0.000009
-0.000009
-0.000010
-0.000010
-0.000011
-0.000011
-0.000012
-0.000012
-0.000012
-0.000013
-0.000013
-0.000014
-0.000014
-0.000015
-0.000015
-0.000015
-0.000016
-0.000016
-0.000017
-0.000017
-0.000018
-0.000018
-0.000018
-0.000019
-0.000019
-0.000020
-0.000020
-0.000020
-0.000021
-0.000021
-0.000022
-0.000022
-0.000023
-0.000023
-0.000023
-0.000024
-0.000024
-0.000025
-0.000025
-0.000025
-0.000026
-0.000026
-0.000027
-0.000027
-0.000027
-0.000028
-0.000028
-0.000028
-0.000029
-0.000029
-0.000030
-0.000030
-0.000030
-0.000031
-0.000031
-0.000032
-0.000032
-0.000032
-0.000033
-0.000033
-0.000033
-0.000034
-0.000034
-0.000035
-0.000035
-0.000035
-0.000036
-0.000036
-0.000036
-0.000037
-0.000037
-0.000038
-0.000038
-0.000038
-0.000039
-0.000039
-0.000039
-0.000040
-0.000040
-0.000040
-0.000041
-0.000041
-0.000041
-0.000042
-0.000042
-0.000043
-0.000043
-0.000043
-0.000044
-0.000044
-0.000044
-0.000045
-0.000045
-0.000045
-0.000046
-0.000046
-0.000046
-0.000047
-0.000047
-0.000047
-0.000048
-0.000048
-0.000048
-0.000049
-0.000049
-0.000049
-0.000050
-0.000050
-0.000050
-0.000051
-0.000051
-0.000051
-0.000052
-0.000052
-0.000052
-0.000052
-0.000053
-0.000053
-0.000053
-0.000054
-0.000054
-0.000054
-0.000055
-0.000055
-0.000055
-0.000056
-0.000056
-0.000056
-0.000057
-0.000057
-0.000057
-0.000057
-0.000058
-0.000058
-0.000058
-0.000059
-0.000059
-0.000059
-0.000059
-0.000060
-0.000060
-0.000060
-0.000061
-0.000061
-0.000061
-0.000061
-0.000062
-0.000062
-0.000062
-0.000063
-0.000063
-0.000063
-0.000063
-0.000064
-0.000064
-0.000064
-0.000065
-0.000065
-0.000065
-0.000065
-0.000066
-0.000066
-0.000066
-0.000066
-0.000067
-0.000067
-0.000067
-0.000068
-0.000068
-0.000068
-0.000068
-0.000069
-0.000069
-0.000069
-0.000069
-0.000070
-0.000070
-0.000070
-0.000070
-0.000071
-0.000071
-0.000071
-0.000071
-0.000072
-0.000072
-0.000072
-0.000072
-0.000073
-0.000073
-0.000073
-0.000073
-0.000074
-0.000074
-0.000074
-0.000074
-0.000074
-0.000075
-0.000075
-0.000075
-0.000075
-0.000076
-0.000076
-0.000076
-0.000076
-0.000077
-0.000077
-0.000077
-0.000077
-0.000077
-0.000078
-0.000078
-0.000078
-0.000078
-0.000079
-0.000079
-0.000079
-0.000079
-0.000079
-0.000080
-0.000080
-0.000080
-0.000080
-0.000080
-0.000081
-0.000081
-0.000081
-0.000081
-0.000081
-0.000082
-0.000082
-0.000082
-0.000082
-0.000082
-0.000083
-0.000083
-0.000083
-0.000083
-0.000083
-0.000084
-0.000084
-0.000084
-0.000084
-0.000084
-0.000085
-0.000085
-0.000085
-0.000085
-0.000085
-0.000086
-0.000086
-0.000086
-0.000086
-0.000086
-0.000086
-0.000087
-0.000087
-0.000087
-0.000087
-0.000087
-0.000087
-0.000088
-0.000088
-0.000088
-0.000088
-0.000088
-0.000088
-0.000089
-0.000089
-0.000089
-0.000089
-0.000089
-0.000089
-0.000090
-0.000090
-0.000090
-0.000090
-0.000090
-0.000090
-0.000091
-0.000091
-0.000091
-0.000091
-0.000091
-0.000091
-0.000092
-0.000092
-0.000092
-0.000092
-0.000092
-0.000092
-0.000092
-0.000093
-0.000093
-0.000093
-0.000093
-0.000093
-0.000093
-0.000093
-0.000094
-0.000094
-0.000094
-0.000094
-0.000094
-0.000094
-0.000094
-0.000094
-0.000095
-0.000095
-0.000095
-0.000095
-0.000095
-0.000095
-0.000095
-0.000095
-0.000096
-0.000096
-0.000096
-0.000096
-0.000096
-0.000096
-0.000096
-0.000096
-0.000097
-0.000097
-0.000097
-0.000097
-0.000097
-0.000097
-0.000097
-0.000097
-0.000098
-0.000098
-0.000098
-0.000098
-0.000098
-0.000098
-0.000098
-0.000098
-0.000098
-0.000098
-0.000099
-0.000099
-0.000099
-0.000099
-0.000099
-0.000099
-0.000099
-0.000099
-0.000099
-0.000099
-0.000100
-0.000100
-0.000100
-0.000100
-0.000100
-0.000100
-0.000100
-0.000100
-0.000100
-0.000100
-0.000100
-0.000101
-0.000101
-0.000101
-0.000101
-0.000101
-0.000101
-0.000101
-0.000101
-0.000101
-0.000101
-0.000101
-0.000101
-0.000102
-0.000102
-0.000102
-0.000102
-0.000102
-0.000102
-0.000102
-0.000102
-0.000102
-0.000102
-0.000102
-0.000102
-0.000102
-0.000102
-0.000103
-0.000103
-0.000103
-0.000103
-0.000103
-0.000103
-0.000103
-0.000103
-0.000103
-0.000103
-0.000103
-0.000103
-0.000103
-0.000103
-0.000103
-0.000103
-0.000103
-0.000104
-0.000104
-0.000104
-0.000104
-0.000104
-0.000104
-0.000104
-0.000104
-0.000104
-0.000104
-0.000104
-0.000104
-0.000104
-0.000104
-0.000104
-0.000104
-0.000104
-0.000104
-0.000104
-0.000104
-0.000104
-0.000105
-0.000105
-0.000105
-0.000105
-0.000105
-0.000105
-0.000105
-0.000105
-0.000105
-0.000105
-0.000105
-0.000105
-0.000105
-0.000105
-0.000105
-0.000105
-0.000105
-0.000105
-0.000105
-0.000105
-0.000105
-0.000105
-0.000105
-0.000105
-0.000105
-0.000105
-0.000105
-0.000105
-0.000105
-0.000105
-0.000105
-0.000105
-0.000105
-0.000105
-0.000105
-0.000105
-0.000105
-0.000105
-0.000105
-0.000105
-0.000106
-0.000106
-0.000106
-0.000106
-0.000106
-0.000106
-0.000106
-0.000106
-0.000106
-0.000106
-0.000106
-0.000106
-0.000106
-0.000106
-0.000106
-0.000106
-0.000106
-0.000106
-0.000106
-0.000106
-0.000106
-0.000106
-0.000106
-0.000106
-0.000106
-0.000106
-0.000106
-0.000106
-0.000106
-0.000106
-0.000106
-0.000106
-0.000106
-0.000106
-0.000106
-0.000106
-0.000106
-0.000106
-0.000106
-0.000106
-0.000105
-0.000105
-0.000105
-0.000105
-0.000105
-0.000105
-0.000105
-0.000105
-0.000105
-0.000105
-0.000105
-0.000105
-0.000105
-0.000105
-0.000105
-0.000105
-0.000105
-0.000105
-0.000105
-0.000105
-0.000105
-0.000105
-0.000105
-0.000105
-0.000105
-0.000105
-0.000105
-0.000105
-0.000105
-0.000105
-0.000105
-0.000105
-0.000105
-0.000105
-0.000105
-0.000105
-0.000105
-0.000105
-0.000105
-0.000105
-0.000105
-0.000105
-0.000104
-0.000104
-0.000104
-0.000104
-0.000104
-0.000104
-0.000104
-0.000104
-0.000104
-0.000104
-0.000104
-0.000104
-0.000104
-0.000104
-0.000104
-0.000104
-0.000104
-0.000104
-0.000104
-0.000104
-0.000104
-0.000104
-0.000104
-0.000104
-0.000103
-0.000103
-0.000103
-0.000103
-0.000103
-0.000103
-0.000103
-0.000103
-0.000103
-0.000103
-0.000103
-0.000103
-0.000103
-0.000103
-0.000103
-0.000103
-0.000103
-0.000103
-0.000103
-0.000103
-0.000102
-0.000102
-0.000102
-0.000102
-0.000102
-0.000102
-0.000102
-0.000102
-0.000102
-0.000102
-0.000102
-0.000102
-0.000102
-0.000102
-0.000102
-0.000102
-0.000101
-0.000101
-0.000101
-0.000101
-0.000101
-0.000101
-0.000101
-0.000101
-0.000101
-0.000101
-0.000101
-0.000101
-0.000101
-0.000101
-0.000101
-0.000100
-0.000100
-0.000100
-0.000100
-0.000100
-0.000100
-0.000100
-0.000100
-0.000100
-0.000100
-0.000100
-0.000100
-0.000100
-0.000100
-0.000099
-0.000099
-0.000099
-0.000099
-0.000099
-0.000099
-0.000099
-0.000099
-0.000099
-0.000099
-0.000099
-0.000099
-0.000099
-0.000098
-0.000098
-0.000098
-0.000098
-0.000098
-0.000098
-0.000098
-0.000098
-0.000098
-0.000098
-0.000098
-0.000098
-0.000097
-0.000097
-0.000097
-0.000097
-0.000097
-0.000097
-0.000097
-0.000097
-0.000097
-0.000097
-0.000097
-0.000096
-0.000096
-0.000096
-0.000096
-0.000096
-0.000096
-0.000096
-0.000096
-0.000096
-0.000096
-0.000096
-0.000095
-0.000095
-0.000095
-0.000095
-0.000095
-0.000095
-0.000095
-0.000095
-0.000095
-0.000095
-0.000095
-0.000094
-0.000094
-0.000094
-0.000094
-0.000094
-0.000094
-0.000094
-0.000094
-0.000094
-0.000094
-0.000093
-0.000093
-0.000093
-0.000093
-0.000093
-0.000093
-0.000093
-0.000093
-0.000093
-0.000093
-0.000092
-0.000092
-0.000092
-0.000092
-0.000092
-0.000092
-0.000092
-0.000092
-0.000092
-0.000092
-0.000091
-0.000091
-0.000091
-0.000091
-0.000091
-0.000091
-0.000091
-0.000091
-0.000091
-0.000090
-0.000090
-0.000090
-0.000090
-0.000090
-0.000090
-0.000090
-0.000090
-0.000090
-0.000089
-0.000089
-0.000089
-0.000089
-0.000089
-0.000089
-0.000089
-0.000089
-0.000089
-0.000088
-0.000088
-0.000088
-0.000088
-0.000088
-0.000088
-0.000088
-0.000088
-0.000088
-0.000087
-0.000087
-0.000087
-0.000087
-0.000087
-0.000087
-0.000087
-0.000087
-0.000087
-0.000086
-0.000086
-0.000086
-0.000086
-0.000086
-0.000086
-0.000086
-0.000086
-0.000086
-0.000085
-0.000085
-0.000085
-0.000085
-0.000085
-0.000085
-0.000085
-0.000085
-0.000084
-0.000084
-0.000084
-0.000084
-0.000084
-0.000084
-0.000084
-0.000084
-0.000083
-0.000083
-0.000083
-0.000083
-0.000083
-0.000083
-0.000083
-0.000083
-0.000082
-0.000082
-0.000082
-0.000082
-0.000082
-0.000082
-0.000082
-0.000082
-0.000082
-0.000081
-0.000081
-0.000081
-0.000081
-0.000081
-0.000081
-0.000081
-0.000081
-0.000080
-0.000080
-0.000080
-0.000080
-0.000080
-0.000080
-0.000080
-0.000080
-0.000079
-0.000079
-0.000079
-0.000079
-0.000079
-0.000079
-0.000079
-0.000078
-0.000078
-0.000078
-0.000078
-0.000078
-0.000078
-0.000078
-0.000078
-0.000077
-0.000077
-0.000077
-0.000077
-0.000077
-0.000077
-0.000077
-0.000077
-0.000076
-0.000076
-0.000076
-0.000076
-0.000076
-0.000076
-0.000076
-0.000076
-0.000075
-0.000075
-0.000075
-0.000075
-0.000075
-0.000075
-0.000075
-0.000074
-0.000074
-0.000074
-0.000074
-0.000074
-0.000074
-0.000074
-0.000074
-0.000073
-0.000073
-0.000073
-0.000073
-0.000073
-0.000073
-0.000073
-0.000072
-0.000072
-0.000072
-0.000072
-0.000072
-0.000072
-0.000072
-0.000072
-0.000071
-0.000071
-0.000071
-0.000071
-0.000071
-0.000071
-0.000071
-0.000070
-0.000070
-0.000070
-0.000070
-0.000070
-0.000070
-0.000070
-0.000070
-0.000069
-0.000069
-0.000069
-0.000069
-0.000069
-0.000069
-0.000069
-0.000068
-0.000068
-0.000068
-0.000068
-0.000068
-0.000068
-0.000068
-0.000067
-0.000067
-0.000067
-0.000067
-0.000067
-0.000067
-0.000067
-0.000067
-0.000066
-0.000066
-0.000066
-0.000066
-0.000066
-0.000066
-0.000066
-0.000065
-0.000065
-0.000065
-0.000065
-0.000065
-0.000065
-0.000065
-0.000064
-0.000064
-0.000064
-0.000064
-0.000064
-0.000064
-0.000064
-0.000063
-0.000063
-0.000063
-0.000063
-0.000063
-0.000063
-0.000063
-0.000063
-0.000062
-0.000062
-0.000062
-0.000062
-0.000062
-0.000062
-0.000062
-0.000061
-0.000061
-0.000061
-0.000061
-0.000061
-0.000061
-0.000061
-0.000060
-0.000060
-0.000060
-0.000060
-0.000060
-0.000060
-0.000060
-0.000059
-0.000059
-0.000059
-0.000059
-0.000059
-0.000059
-0.000059
-0.000059
-0.000058
-0.000058
-0.000058
-0.000058
-0.000058
-0.000058
-0.000058
-0.000057
-0.000057
-0.000057
-0.000057
-0.000057
-0.000057
-0.000057
-0.000056
-0.000056
-0.000056
-0.000056
-0.000056
-0.000056
-0.000056
-0.000055
-0.000055
-0.000055
-0.000055
-0.000055
-0.000055
-0.000055
-0.000054
-0.000054
-0.000054
-0.000054
-0.000054
-0.000054
-0.000054
-0.000054
-0.000053
-0.000053
-0.000053
-0.000053
-0.000053
-0.000053
-0.000053
-0.000052
-0.000052
-0.000052
-0.000052
-0.000052
-0.000052
-0.000052
-0.000051
-0.000051
-0.000051
-0.000051
-0.000051
-0.000051
-0.000051
-0.000050
-0.000050
-0.000050
-0.000050
-0.000050
-0.000050
-0.000050
-0.000050
-0.000049
-0.000049
-0.000049
-0.000049
-0.000049
-0.000049
-0.000049
-0.000048
-0.000048
-0.000048
-0.000048
-0.000048
-0.000048
-0.000048
-0.000047
-0.000047
-0.000047
-0.000047
-0.000047
-0.000047
-0.000047
-0.000047
-0.000046
-0.000046
-0.000046
-0.000046
-0.000046
-0.000046
-0.000046
-0.000045
-0.000045
-0.000045
-0.000045
-0.000045
-0.000045
-0.000045
-0.000044
-0.000044
-0.000044
-0.000044
-0.000044
-0.000044
-0.000044
-0.000044
-0.000043
-0.000043
-0.000043
-0.000043
-0.000043
-0.000043
-0.000043
-0.000042
-0.000042
-0.000042
-0.000042
-0.000042
-0.000042
-0.000042
-0.000042
-0.000041
-0.000041
-0.000041
-0.000041
-0.000041
-0.000041
-0.000041
-0.000040
-0.000040
-0.000040
-0.000040
-0.000040
-0.000040
-0.000040
-0.000040
-0.000039
-0.000039
-0.000039
-0.000039
-0.000039
-0.000039
-0.000039
-0.000038
-0.000038
-0.000038
-0.000038
-0.000038
-0.000038
-0.000038
-0.000038
-0.000037
-0.000037
-0.000037
-0.000037
-0.000037
-0.000037
-0.000037
-0.000037
-0.000036
-0.000036
-0.000036
-0.000036
-0.000036
-0.000036
-0.000036
-0.000035
-0.000035
-0.000035
-0.000035
-0.000035
-0.000035
-0.000035
-0.000035
-0.000034
-0.000034
-0.000034
-0.000034
-0.000034
-0.000034
-0.000034
-0.000034
-0.000033
-0.000033
-0.000033
-0.000033
-0.000033
-0.000033
-0.000033
-0.000033
-0.000032
-0.000032
-0.000032
-0.000032
-0.000032
-0.000032
-0.000032
-0.000032
-0.000031
-0.000031
-0.000031
-0.000031
-0.000031
-0.000031
-0.000031
-0.000031
-0.000030
-0.000030
-0.000030
-0.000030
-0.000030
-0.000030
-0.000030
-0.000030
-0.000029
-0.000029
-0.000029
-0.000029
-0.000029
-0.000029
-0.000029
-0.000029
-0.000028
-0.000028
-0.000028
-0.000028
-0.000028
-0.000028
-0.000028
-0.000028
-0.000027
-0.000027
-0.000027
-0.000027
-0.000027
-0.000027
-0.000027
-0.000027
-0.000026
-0.000026
-0.000026
-0.000026
-0.000026
-0.000026
-0.000026
-0.000026
-0.000025
-0.000025
-0.000025
-0.000025
-0.000025
-0.000025
-0.000025
-0.000025
-0.000025
-0.000024
-0.000024
-0.000024
-0.000024
-0.000024
-0.000024
-0.000024
-0.000024
-0.000023
-0.000023
-0.000023
-0.000023
-0.000023
-0.000023
-0.000023
-0.000023
-0.000023
-0.000022
-0.000022
-0.000022
-0.000022
-0.000022
-0.000022
-0.000022
-0.000022
-0.000022
-0.000021
-0.000021
-0.000021
-0.000021
-0.000021
-0.000021
-0.000021
-0.000021
-0.000020
-0.000020
-0.000020
-0.000020
-0.000020
-0.000020
-0.000020
-0.000020
-0.000020
-0.000019
-0.000019
-0.000019
-0.000019
-0.000019
-0.000019
-0.000019
-0.000019
-0.000019
-0.000018
-0.000018
-0.000018
-0.000018
-0.000018
-0.000018
-0.000018
-0.000018
-0.000018
-0.000017
-0.000017
-0.000017
-0.000017
-0.000017
-0.000017
-0.000017
-0.000017
-0.000017
-0.000017
-0.000016
-0.000016
-0.000016
-0.000016
-0.000016
-0.000016
-0.000016
-0.000016
-0.000016
-0.000015
-0.000015
-0.000015
-0.000015
-0.000015
-0.000015
-0.000015
-0.000015
-0.000015
-0.000015
-0.000014
-0.000014
-0.000014
-0.000014
-0.000014
-0.000014
-0.000014
-0.000014
-0.000014
-0.000013
-0.000013
-0.000013
-0.000013
-0.000013
-0.000013
-0.000013
-0.000013
-0.000013
-0.000013
-0.000012
-0.000012
-0.000012
-0.000012
-0.000012
-0.000012
-0.000012
-0.000012
-0.000012
-0.000012
-0.000011
-0.000011
-0.000011
-0.000011
-0.000011
-0.000011
-0.000011
-0.000011
-0.000011
-0.000011
-0.000010
-0.000010
-0.000010
-0.000010
-0.000010
-0.000010
-0.000010
-0.000010
-0.000010
-0.000010
-0.000010
-0.000009
-0.000009
-0.000009
-0.000009
-0.000009
-0.000009
-0.000009
-0.000009
-0.000009
-0.000009
-0.000008
-0.000008
-0.000008
-0.000008
-0.000008
-0.000008
-0.000008
-0.000008
-0.000008
-0.000008
-0.000008
-0.000007
-0.000007
-0.000007
-0.000007
-0.000007
-0.000007
-0.000007
-0.000007
-0.000007
-0.000007
-0.000007
-0.000006
-0.000006
-0.000006
-0.000006
-0.000006
-0.000006
-0.000006
-0.000006
-0.000006
-0.000006
-0.000006
-0.000005
-0.000005
-0.000005
-0.000005
-0.000005
-0.000005
-0.000005
-0.000005
-0.000005
-0.000005
-0.000005
-0.000005
-0.000004
-0.000004
-0.000004
-0.000004
-0.000004
-0.000004
-0.000004
-0.000004
-0.000004
-0.000004
-0.000004
-0.000003
-0.000003
-0.000003
-0.000003
-0.000003
-0.000003
-0.000003
-0.000003
-0.000003
-0.000003
-0.000003
-0.000003
-0.000002
-0.000002
-0.000002
-0.000002
-0.000002
-0.000002
-0.000002
-0.000002
-0.000002
-0.000002
-0.000002
-0.000002
-0.000002
-0.000001
-0.000001
-0.000001
-0.000001
-0.000001
-0.000001
-0.000001
-0.000001
-0.000001
-0.000001
-0.000001
-0.000001
-0.000001
-0.000000
-0.000000
-0.000000
-0.000000
-0.000000
-0.000000
0.000000
0.000000
0.000000
0.000000
0.000000
0.000000
0.000000
0.000001
0.000001
0.000001
0.000001
0.000001
0.000001
0.000001
0.000001
0.000001
0.000001
0.000001
0.000001
0.000001
0.000002
0.000002
0.000002
0.000002
0.000002
0.000002
0.000002
0.000002
0.000002
0.000002
0.000002
0.000002
0.000002
0.000002
0.000003
0.000003
0.000003
0.000003
0.000003
0.000003
0.000003
0.000003
0.000003
0.000003
0.000003
0.000003
0.000003
0.000003
0.000003
0.000004
0.000004
0.000004
0.000004
0.000004
0.000004
0.000004
0.000004
0.000004
0.000004
0.000004
0.000004
0.000004
0.000004
0.000004
0.000005
0.000005
0.000005
0.000005
0.000005
0.000005
0.000005
0.000005
0.000005
0.000005
0.000005
0.000005
0.000005
0.000005
0.000005
0.000005
0.000006
0.000006
0.000006
0.000006
0.000006
0.000006
0.000006
0.000006
0.000006
0.000006
0.000006
0.000006
0.000006
0.000006
0.000006
0.000006
0.000006
0.000007
0.000007
0.000007
0.000007
0.000007
0.000007
0.000007
0.000007
0.000007
0.000007
0.000007
0.000007
0.000007
0.000007
0.000007
0.000007
0.000007
0.000008
0.000008
0.000008
0.000008
0.000008
0.000008
0.000008
0.000008
0.000008
0.000008
0.000008
0.000008
0.000008
0.000008
0.000008
0.000008
0.000008
0.000008
0.000008
0.000009
0.000009
0.000009
0.000009
0.000009
0.000009
0.000009
0.000009
0.000009
0.000009
0.000009
0.000009
0.000009
0.000009
0.000009
0.000009
0.000009
0.000009
0.000009
0.000009
0.000010
0.000010
0.000010
0.000010
0.000010
0.000010
0.000010
0.000010
0.000010
0.000010
0.000010
0.000010
0.000010
0.000010
0.000010
0.000010
0.000010
0.000010
0.000010
0.000010
0.000010
0.000011
0.000011
0.000011
0.000011
0.000011
0.000011
0.000011
0.000011
0.000011
0.000011
0.000011
0.000011
0.000011
0.000011
0.000011
0.000011
0.000011
0.000011
0.000011
0.000011
0.000011
0.000011
0.000011
0.000012
0.000012
0.000012
0.000012
0.000012
0.000012
0.000012
0.000012
0.000012
0.000012
0.000012
0.000012
0.000012
0.000012
0.000012
0.000012
0.000012
0.000012
0.000012
0.000012
0.000012
0.000012
0.000012
0.000012
0.000012
0.000012
0.000013
0.000013
0.000013
0.000013
0.000013
0.000013
0.000013
0.000013
0.000013
0.000013
0.000013
0.000013
0.000013
0.000013
0.000013
0.000013
0.000013
0.000013
0.000013
0.000013
0.000013
0.000013
0.000013
0.000013
0.000013
0.000013
0.000013
0.000013
0.000013
0.000014
0.000014
0.000014
0.000014
0.000014
0.000014
0.000014
0.000014
0.000014
0.000014
0.000014
0.000014
0.000014
0.000014
0.000014
0.000014
0.000014
0.000014
0.000014
0.000014
0.000014
0.000014
0.000014
0.000014
0.000014
0.000014
0.000014
0.000014
0.000014
0.000014
0.000014
0.000014
0.000014
0.000015
0.000015
0.000015
0.000015
0.000015
0.000015
0.000015
0.000015
0.000015
0.000015
0.000015
0.000015
0.000015
0.000015
0.000015
0.000015
0.000015
0.000015
0.000015
0.000015
0.000015
0.000015
0.000015
0.000015
0.000015
0.000015
0.000015
0.000015
0.000015
0.000015
0.000015
0.000015
0.000015
0.000015
0.000015
0.000015
0.000015
0.000015
0.000015
0.000015
0.000015
0.000016
0.000016
0.000016
0.000016
0.000016
0.000016
0.000016
0.000016
0.000016
0.000016
0.000016
0.000016
0.000016
0.000016
0.000016
0.000016
0.000016
0.000016
0.000016
0.000016
0.000016
0.000016
0.000016
0.000016
0.000016
0.000016
0.000016
0.000016
0.000016
0.000016
0.000016
0.000016
0.000016
0.000016
0.000016
0.000016
0.000016
0.000016
0.000016
0.000016
0.000016
0.000016
0.000016
0.000016
0.000016
0.000016
0.000016
0.000016
0.000016
0.000016
0.000016
0.000016
0.000016
0.000016
0.000016
0.000016
0.000016
0.000017
0.000017
0.000017
0.000017
0.000017
0.000017
0.000017
0.000017
0.000017
0.000017
0.000017
0.000017
0.000017
0.000017
0.000017
0.000017
0.000017
0.000017
0.000017
0.000017
0.000017
0.000017
0.000017
0.000017
0.000017
0.000017
0.000017
0.000017
0.000017
0.000017
0.000017
0.000017
0.000017
0.000017
0.000017
0.000017
0.000017
0.000017
0.000017
0.000017
0.000017
0.000017
0.000017
0.000017
0.000017
0.000017
0.000017
0.000017
0.000017
0.000017
0.000017
0.000017
0.000017
0.000017
0.000017
0.000017
0.000017
0.000017
0.000017
0.000017
0.000017
0.000017
0.000017
0.000017
0.000017
0.000017
0.000017
0.000017
0.000017
0.000017
0.000017
0.000017
0.000017
0.000017
0.000017
0.000017
0.000017
0.000017
0.000017
0.000017
0.000017
0.000017
0.000017
0.000017
0.000017
0.000017
0.000017
0.000017
0.000017
0.000017
0.000017
0.000017
0.000017
0.000017
0.000017
0.000017
0.000017
0.000017
0.000017
0.000017
0.000017
0.000017
0.000017
0.000017
0.000017
0.000017
0.000017
0.000017
0.000017
0.000017
0.000017
0.000017
0.000017
0.000017
0.000017
0.000017
0.000017
0.000017
0.000017
0.000017
0.000017
0.000017
0.000017
0.000017
0.000017
0.000017
0.000017
0.000017
0.000017
0.000017
0.000017
0.000017
0.000017
0.000017
0.000017
0.000017
0.000017
0.000017
0.000017
0.000017
0.000017
0.000017
0.000017
0.000017
0.000017
0.000017
0.000017
0.000017
0.000017
0.000017
0.000017
0.000017
0.000017
0.000017
0.000017
0.000017
0.000017
0.000017
0.000017
0.000017
0.000017
0.000017
0.000017
0.000017
0.000017
0.000017
0.000017
0.000017
0.000017
0.000017
0.000017
0.000017
0.000017
0.000017
0.000017
0.000017
0.000017
0.000017
0.000017
0.000017
0.000017
0.000017
0.000017
0.000017
0.000017
0.000017
0.000017
0.000017
0.000017
0.000017
0.000017
0.000017
0.000017
0.000017
0.000017
0.000017
0.000017
0.000017
0.000017
0.000017
0.000017
0.000017
0.000017
0.000017
0.000017
0.000017
0.000017
0.000017
0.000017
0.000017
0.000017
0.000017
0.000017
0.000017
0.000017
0.000017
0.000017
0.000017
0.000017
0.000017
0.000017
0.000017
0.000017
0.000017
0.000017
0.000017
0.000017
0.000017
0.000017
0.000017
0.000017
0.000017
0.000017
0.000017
0.000017
0.000017
0.000017
0.000017
0.000017
0.000017
0.000017
0.000017
0.000017
0.000017
0.000017
0.000017
0.000017
0.000017
0.000017
0.000017
0.000017
0.000017
0.000017
0.000017
0.000017
0.000016
0.000016
0.000016
0.000016
0.000016
0.000016
0.000016
0.000016
0.000016
0.000016
0.000016
0.000016
0.000016
0.000016
0.000016
0.000016
0.000016
0.000016
0.000016
0.000016
0.000016
0.000016
0.000016
0.000016
0.000016
0.000016
0.000016
0.000016
0.000016
0.000016
0.000016
0.000016
0.000016
0.000016
0.000016
0.000016
0.000016
0.000016
0.000016
0.000016
0.000016
0.000016
0.000016
0.000016
0.000016
0.000016
0.000016
0.000016
0.000016
0.000016
0.000016
0.000016
0.000016
0.000016
0.000016
0.000016
0.000016
0.000016
0.000016
0.000016
0.000016
0.000016
0.000016
0.000016
0.000016
0.000016
0.000016
0.000016
0.000016
0.000016
0.000016
0.000016
0.000016
0.000016
0.000015
0.000015
0.000015
0.000015
0.000015
0.000015
0.000015
0.000015
0.000015
0.000015
0.000015
0.000015
0.000015
0.000015
0.000015
0.000015
0.000015
0.000015
0.000015
0.000015
0.000015
0.000015
0.000015
0.000015
0.000015
0.000015
0.000015
0.000015
0.000015
0.000015
0.000015
0.000015
0.000015
0.000015
0.000015
0.000015
0.000015
0.000015
0.000015
0.000015
0.000015
0.000015
0.000015
0.000015
0.000015
0.000015
0.000015
0.000015
0.000015
0.000015
0.000015
0.000015
0.000015
0.000015
0.000015
0.000015
0.000015
0.000015
0.000014
0.000014
0.000014
0.000014
0.000014
0.000014
0.000014
0.000014
0.000014
0.000014
0.000014
0.000014
0.000014
0.000014
0.000014
0.000014
0.000014
0.000014
0.000014
0.000014
0.000014
0.000014
0.000014
0.000014
0.000014
0.000014
0.000014
0.000014
0.000014
0.000014
0.000014
0.000014
0.000014
0.000014
0.000014
0.000014
0.000014
0.000014
0.000014
0.000014
0.000014
0.000014
0.000014
0.000014
0.000014
0.000014
0.000014
0.000014
0.000014
0.000014
0.000014
0.000014
0.000013
0.000013
0.000013
0.000013
0.000013
0.000013
0.000013
0.000013
0.000013
0.000013
0.000013
0.000013
0.000013
0.000013
0.000013
0.000013
0.000013
0.000013
0.000013
0.000013
0.000013
0.000013
0.000013
0.000013
0.000013
0.000013
0.000013
0.000013
0.000013
0.000013
0.000013
0.000013
0.000013
0.000013
0.000013
0.000013
0.000013
0.000013
0.000013
0.000013
0.000013
0.000013
0.000013
0.000013
0.000013
0.000013
0.000013
0.000013
0.000012
0.000012
0.000012
0.000012
0.000012
0.000012
0.000012
0.000012
0.000012
0.000012
0.000012
0.000012
0.000012
0.000012
0.000012
0.000012
0.000012
0.000012
0.000012
0.000012
0.000012
0.000012
0.000012
0.000012
0.000012
0.000012
0.000012
0.000012
0.000012
0.000012
0.000012
0.000012
0.000012
0.000012
0.000012
0.000012
0.000012
0.000012
0.000012
0.000012
0.000012
0.000012
0.000012
0.000012
0.000012
0.000012
0.000011
0.000011
0.000011
0.000011
0.000011
0.000011
0.000011
0.000011
0.000011
0.000011
0.000011
0.000011
0.000011
0.000011
0.000011
0.000011
0.000011
0.000011
0.000011
0.000011
0.000011
0.000011
0.000011
0.000011
0.000011
0.000011
0.000011
0.000011
0.000011
0.000011
0.000011
0.000011
0.000011
0.000011
0.000011
0.000011
0.000011
0.000011
0.000011
0.000011
0.000011
0.000011
0.000011
0.000011
0.000011
0.000010
0.000010
0.000010
0.000010
0.000010
0.000010
0.000010
0.000010
0.000010
0.000010
0.000010
0.000010
0.000010
0.000010
0.000010
0.000010
0.000010
0.000010
0.000010
0.000010
0.000010
0.000010
0.000010
0.000010
0.000010
0.000010
0.000010
0.000010
0.000010
0.000010
0.000010
0.000010
0.000010
0.000010
0.000010
0.000010
0.000010
0.000010
0.000010
0.000010
0.000010
0.000010
0.000010
0.000010
0.000009
0.000009
0.000009
0.000009
0.000009
0.000009
0.000009
0.000009
0.000009
0.000009
0.000009
0.000009
0.000009
0.000009
0.000009
0.000009
0.000009
0.000009
0.000009
0.000009
0.000009
0.000009
0.000009
0.000009
0.000009
0.000009
0.000009
0.000009
0.000009
0.000009
0.000009
0.000009
0.000009
0.000009
0.000009
0.000009
0.000009
0.000009
0.000009
0.000009
0.000009
0.000009
0.000009
0.000009
0.000008
0.000008
0.000008
0.000008
0.000008
0.000008
0.000008
0.000008
0.000008
0.000008
0.000008
0.000008
0.000008
0.000008
0.000008
0.000008
0.000008
0.000008
0.000008
0.000008
0.000008
0.000008
0.000008
0.000008
0.000008
0.000008
0.000008
0.000008
0.000008
0.000008
0.000008
0.000008
0.000008
0.000008
0.000008
0.000008
0.000008
0.000008
0.000008
0.000008
0.000008
0.000008
0.000008
0.000008
0.000008
0.000007
0.000007
0.000007
0.000007
0.000007
0.000007
0.000007
0.000007
0.000007
0.000007
0.000007
0.000007
0.000007
0.000007
0.000007
0.000007
0.000007
0.000007
0.000007
0.000007
0.000007
0.000007
0.000007
0.000007
0.000007
0.000007
0.000007
0.000007
0.000007
0.000007
0.000007
0.000007
0.000007
0.000007
0.000007
0.000007
0.000007
0.000007
0.000007
0.000007
0.000007
0.000007
0.000007
0.000007
0.000007
0.000007
0.000006
0.000006
0.000006
0.000006
0.000006
0.000006
0.000006
0.000006
0.000006
0.000006
0.000006
0.000006
0.000006
0.000006
0.000006
0.000006
0.000006
0.000006
0.000006
0.000006
0.000006
0.000006
0.000006
0.000006
0.000006
0.000006
0.000006
0.000006
0.000006
0.000006
0.000006
0.000006
0.000006
0.000006
0.000006
0.000006
0.000006
0.000006
0.000006
0.000006
0.000006
0.000006
0.000006
0.000006
0.000006
0.000006
0.000005
0.000005
0.000005
0.000005
0.000005
0.000005
0.000005
0.000005
0.000005
0.000005
0.000005
0.000005
0.000005
0.000005
0.000005
0.000005
0.000005
0.000005
0.000005
0.000005
0.000005
0.000005
0.000005
0.000005
0.000005
0.000005
0.000005
0.000005
0.000005
0.000005
0.000005
0.000005
0.000005
0.000005
0.000005
0.000005
0.000005
0.000005
0.000005
0.000005
0.000005
0.000005
0.000005
0.000005
0.000005
0.000005
0.000005
0.000005
0.000005
0.000004
0.000004
0.000004
0.000004
0.000004
0.000004
0.000004
0.000004
0.000004
0.000004
0.000004
0.000004
0.000004
0.000004
0.000004
0.000004
0.000004
0.000004
0.000004
0.000004
0.000004
0.000004
0.000004
0.000004
0.000004
0.000004
0.000004
0.000004
0.000004
0.000004
0.000004
0.000004
0.000004
0.000004
0.000004
0.000004
0.000004
0.000004
0.000004
0.000004
0.000004
0.000004
0.000004
0.000004
0.000004
0.000004
0.000004
0.000004
0.000004
0.000004
0.000004
0.000004
0.000003
0.000003
0.000003
0.000003
0.000003
0.000003
0.000003
0.000003
0.000003
0.000003
0.000003
0.000003
0.000003
0.000003
0.000003
0.000003
0.000003
0.000003
0.000003
0.000003
0.000003
0.000003
0.000003
0.000003
0.000003
0.000003
0.000003
0.000003
0.000003
0.000003
0.000003
0.000003
0.000003
0.000003
0.000003
0.000003
0.000003
0.000003
0.000003
0.000003
0.000003
0.000003
0.000003
0.000003
0.000003
0.000003
0.000003
0.000003
0.000003
0.000003
0.000003
0.000003
0.000003
0.000003
0.000003
0.000003
0.000002
0.000002
0.000002
0.000002
0.000002
0.000002
0.000002
0.000002
0.000002
0.000002
0.000002
0.000002
0.000002
0.000002
0.000002
0.000002
0.000002
0.000002
0.000002
0.000002
0.000002
0.000002
0.000002
0.000002
0.000002
0.000002
0.000002
0.000002
0.000002
0.000002
0.000002
0.000002
0.000002
0.000002
0.000002
0.000002
0.000002
0.000002
0.000002
0.000002
0.000002
0.000002
0.000002
0.000002
0.000002
0.000002
0.000002
0.000002
0.000002
0.000002
0.000002
0.000002
0.000002
0.000002
0.000002
0.000002
0.000002
0.000002
0.000002
0.000002
0.000001
0.000001
0.000001
0.000001
0.000001
0.000001
0.000001
0.000001
0.000001
0.000001
0.000001
0.000001
0.000001
0.000001
0.000001
0.000001
0.000001
0.000001
0.000001
0.000001
0.000001
0.000001
0.000001
0.000001
0.000001
0.000001
0.000001
0.000001
0.000001
0.000001
0.000001
0.000001
0.000001
0.000001
0.000001
0.000001
0.000001
0.000001
0.000001
0.000001
0.000001
0.000001
0.000001
0.000001
0.000001
0.000001
0.000001
0.000001
0.000001
0.000001
0.000001
0.000001
0.000001
0.000001
0.000001
0.000001
0.000001
0.000001
0.000001
0.000001
0.000001
0.000001
0.000001
0.000001
0.000001
0.000001
0.000001
0.000001
0.000001
0.000000
0.000000
0.000000
0.000000
0.000000
0.000000
0.000000
0.000000
0.000000
0.000000
0.000000
0.000000
0.000000
0.000000
0.000000
0.000000
0.000000
0.000000
0.000000
0.000000
0.000000
0.000000
0.000000
0.000000
0.000000
0.000000
0.000000
0.000000
0.000000
0.000000
0.000000
0.000000
0.000000
0.000000
0.000000
0.000000
0.000000
0.000000
0.000000
-0.000000
-0.000000
-0.000000
-0.000000
-0.000000
-0.000000
-0.000000
-0.000000
-0.000000
-0.000000
-0.000000
-0.000000
-0.000000
-0.000000
-0.000000
-0.000000
-0.000000
-0.000000
-0.000000
-0.000000
-0.000000
-0.000000
-0.000000
-0.000000
-0.000000
-0.000000
-0.000000
-0.000000
-0.000000
-0.000000
-0.000000
-0.000000
-0.000000
-0.000000
-0.000000
-0.000000
-0.000000
-0.000000
-0.000000
-0.000000
-0.000000
-0.000000
-0.000001
-0.000001
-0.000001
-0.000001
-0.000001
-0.000001
-0.000001
-0.000001
-0.000001
-0.000001
-0.000001
-0.000001
-0.000001
-0.000001
-0.000001
-0.000001
-0.000001
-0.000001
-0.000001
-0.000001
-0.000001
-0.000001
-0.000001
-0.000001
-0.000001
-0.000001
-0.000001
-0.000001
-0.000001
-0.000001
-0.000001
-0.000001
-0.000001
-0.000001
-0.000001
-0.000001
-0.000001
-0.000001
-0.000001
-0.000001
-0.000001
-0.000001
-0.000001
-0.000001
-0.000001
-0.000001
-0.000001
-0.000001
-0.000001
-0.000001
-0.000001
-0.000001
-0.000001
-0.000001
-0.000001
-0.000001
-0.000001
-0.000001
-0.000001
-0.000001
-0.000001
-0.000001
-0.000001
-0.000001
-0.000001
-0.000001
-0.000001
-0.000001
-0.000001
-0.000001
-0.000001
-0.000001
-0.000001
-0.000001
-0.000001
-0.000001
-0.000001
-0.000001
-0.000001
-0.000001
-0.000001
-0.000001
-0.000001
-0.000001
-0.000001
-0.000001
-0.000001
-0.000001
-0.000001
-0.000001
-0.000001
-0.000001
-0.000001
-0.000001
-0.000001
-0.000001
-0.000001
-0.000001
-0.000001
-0.000001
-0.000001
-0.000001
-0.000001
-0.000002
-0.000002
-0.000002
-0.000002
-0.000002
-0.000002
-0.000002
-0.000002
-0.000002
-0.000002
-0.000002
-0.000002
-0.000002
-0.000002
-0.000002
-0.000002
-0.000002
-0.000002
-0.000002
-0.000002
-0.000002
-0.000002
-0.000002
-0.000002
-0.000002
-0.000002
-0.000002
-0.000002
-0.000002
-0.000002
-0.000002
-0.000002
-0.000002
-0.000002
-0.000002
-0.000002
-0.000002
-0.000002
-0.000002
-0.000002
-0.000002
-0.000002
-0.000002
-0.000002
-0.000002
-0.000002
-0.000002
-0.000002
-0.000002
-0.000002
-0.000002
-0.000002
-0.000002
-0.000002
-0.000002
-0.000002
-0.000002
-0.000002
-0.000002
-0.000002
-0.000002
-0.000002
-0.000002
-0.000002
-0.000002
-0.000002
-0.000002
-0.000002
-0.000002
-0.000002
-0.000002
-0.000002
-0.000002
-0.000002
-0.000002
-0.000002
-0.000002
-0.000002
-0.000002
-0.000002
-0.000002
-0.000002
-0.000002
-0.000002
-0.000002
-0.000002
-0.000002
-0.000002
-0.000002
-0.000002
-0.000002
-0.000002
-0.000002
-0.000002
-0.000002
-0.000002
-0.000002
-0.000002
-0.000002
-0.000002
-0.000002
-0.000002
-0.000002
-0.000002
-0.000002
-0.000002
-0.000002
-0.000002
-0.000002
-0.000002
-0.000002
-0.000002
-0.000002
-0.000002
-0.000002
-0.000002
-0.000002
-0.000002
-0.000002
-0.000002
-0.000002
-0.000002
-0.000002
-0.000002
-0.000002
-0.000002
-0.000002
-0.000002
-0.000002
-0.000002
-0.000002
-0.000002
-0.000002
-0.000002
-0.000002
-0.000002
-0.000002
-0.000002
-0.000002
-0.000002
-0.000002
-0.000002
-0.000002
-0.000002
-0.000002
-0.000002
-0.000002
-0.000002
-0.000002
-0.000002
-0.000002
-0.000002
-0.000002
-0.000002
-0.000002
-0.000002
-0.000002
-0.000002
-0.000002
-0.000002
-0.000002
-0.000002
-0.000002
-0.000002
-0.000002
-0.000002
-0.000002
-0.000002
-0.000002
-0.000002
-0.000003
-0.000003
-0.000003
-0.000003
-0.000003
-0.000003
-0.000003
-0.000003
-0.000003
-0.000003
-0.000003
-0.000003
-0.000003
-0.000003
-0.000003
-0.000003
-0.000003
-0.000003
-0.000003
-0.000003
-0.000003
-0.000003
-0.000003
-0.000003
-0.000003
-0.000003
-0.000003
-0.000003
-0.000003
-0.000003
-0.000003
-0.000003
-0.000003
-0.000003
-0.000003
-0.000003
-0.000003
-0.000003
-0.000003
-0.000003
-0.000003
-0.000003
-0.000003
-0.000003
-0.000003
-0.000003
-0.000003
-0.000003
-0.000003
-0.000003
-0.000003
-0.000003
-0.000003
-0.000003
-0.000003
-0.000003
-0.000003
-0.000003
-0.000003
-0.000003
-0.000003
-0.000003
-0.000003
-0.000003
-0.000003
-0.000003
-0.000003
-0.000003
-0.000003
-0.000003
-0.000003
-0.000003
-0.000003
-0.000003
-0.000003
-0.000003
-0.000003
-0.000003
-0.000003
-0.000003
-0.000003
-0.000003
-0.000003
-0.000003
-0.000003
-0.000003
-0.000003
-0.000003
-0.000003
-0.000003
-0.000003
-0.000003
-0.000003
-0.000003
-0.000003
-0.000003
-0.000003
-0.000003
-0.000003
-0.000003
-0.000003
-0.000003
-0.000003
-0.000003
-0.000003
-0.000003
-0.000003
-0.000003
-0.000003
-0.000003
-0.000003
-0.000003
-0.000003
-0.000003
-0.000003
-0.000003
-0.000003
-0.000003
-0.000003
-0.000003
-0.000003
-0.000003
-0.000003
-0.000003
-0.000003
-0.000003
-0.000003
-0.000003
-0.000003
-0.000003
-0.000003
-0.000003
-0.000003
-0.000003
-0.000003
-0.000003
-0.000003
-0.000003
-0.000003
-0.000003
-0.000003
-0.000003
-0.000003
-0.000003
-0.000003
-0.000003
-0.000003
-0.000003
-0.000003
-0.000003
-0.000003
-0.000003
-0.000003
-0.000003
-0.000003
-0.000003
-0.000003
-0.000003
-0.000003
-0.000003
-0.000003
-0.000003
-0.000003
-0.000003
-0.000003
-0.000003
-0.000003
-0.000003
-0.000003
-0.000003
-0.000003
-0.000003
-0.000003
-0.000003
-0.000003
-0.000003
-0.000003
-0.000003
-0.000003
-0.000003
-0.000003
-0.000003
-0.000003
-0.000003
-0.000003
-0.000003
-0.000003
-0.000003
-0.000003
-0.000003
-0.000003
-0.000003
-0.000003
-0.000003
-0.000003
-0.000003
-0.000003
-0.000003
-0.000003
-0.000003
-0.000003
-0.000003
-0.000003
-0.000003
-0.000003
-0.000003
-0.000003
-0.000003
-0.000003
-0.000003
-0.000003
-0.000003
-0.000003
-0.000003
-0.000003
-0.000003
-0.000003
-0.000003
-0.000003
-0.000003
-0.000003
-0.000003
-0.000003
-0.000003
-0.000003
-0.000003
-0.000003
-0.000003
-0.000003
-0.000003
-0.000003
-0.000003
-0.000003
-0.000003
-0.000003
-0.000003
-0.000003
-0.000003
-0.000003
-0.000003
-0.000003
-0.000003
-0.000003
-0.000003
-0.000003
-0.000003
-0.000003
-0.000003
-0.000003
-0.000003
-0.000003
-0.000003
-0.000003
-0.000003
-0.000003
-0.000003
-0.000003
-0.000003
-0.000003
-0.000003
-0.000003
-0.000003
-0.000003
-0.000003
-0.000003
-0.000003
-0.000003
-0.000003
-0.000003
-0.000003
-0.000003
-0.000003
-0.000003
-0.000003
-0.000003
-0.000003
-0.000003
-0.000003
-0.000003
-0.000003
-0.000003
-0.000003
-0.000003
-0.000003
-0.000003
-0.000003
-0.000003
-0.000003
-0.000003
-0.000003
-0.000003
-0.000003
-0.000003
-0.000003
-0.000003
-0.000003
-0.000003
-0.000003
-0.000003
-0.000003
-0.000003
-0.000003
-0.000003
-0.000003
-0.000003
-0.000003
-0.000003
-0.000003
-0.000003
-0.000003
-0.000003
-0.000003
-0.000003
-0.000003
-0.000003
-0.000003
-0.000003
-0.000003
-0.000003
-0.000003
-0.000003
-0.000003
-0.000003
-0.000003
-0.000003
-0.000003
-0.000003
-0.000003
-0.000003
-0.000003
-0.000003
-0.000003
-0.000003
-0.000003
-0.000003
-0.000003
-0.000003
-0.000003
-0.000003
-0.000003
-0.000003
-0.000003
-0.000003
-0.000003
-0.000003
-0.000003
-0.000003
-0.000003
-0.000003
-0.000003
-0.000003
-0.000003
-0.000003
-0.000003
-0.000003
-0.000003
-0.000003
-0.000003
-0.000003
-0.000003
-0.000003
-0.000003
-0.000003
-0.000003
-0.000003
-0.000003
-0.000003
-0.000003
-0.000003
-0.000003
-0.000003
-0.000003
-0.000003
-0.000003
-0.000003
-0.000003
-0.000003
-0.000003
-0.000003
-0.000003
-0.000003
-0.000003
-0.000003
-0.000003
-0.000003
-0.000003
-0.000003
-0.000003
-0.000003
-0.000003
-0.000003
-0.000003
-0.000003
-0.000003
-0.000003
-0.000003
-0.000003
-0.000003
-0.000003
-0.000003
-0.000003
-0.000003
-0.000003
-0.000003
-0.000003
-0.000003
